6e14
0.1
0.30000000000000004
0.5
0.7
0.8999999999999999
1.0999999999999999
1.2999999999999998
1.4999999999999998
1.6999999999999997
1.8999999999999997
{0.1: 11881376}
0.1 FALSE 0
0.30000000000000004 TRUE 7
None
0
7
42
123
306
651
1237
2184
3632
5756
None
end
3c91
0.1
0.30000000000000004
0.5
0.7
0.8999999999999999
1.0999999999999999
1.2999999999999998
1.4999999999999998
1.6999999999999997
1.8999999999999997
{0.1: 8858}
0.1 TRUE 167
None
167
502
840
1175
1510
1853
2229
2640
3086
3566
None
end
3j0e
0.1
0.30000000000000004
0.5
0.7
0.8999999999999999
1.0999999999999999
1.2999999999999998
1.4999999999999998
1.6999999999999997
1.8999999999999997
{0.1: 1728}
0.1 FALSE 0
0.30000000000000004 FALSE 0
0.5 TRUE 2
None
0
0
2
5
8
14
22
31
42
58
None
end
3j7i
0.1
0.30000000000000004
0.5
0.7
0.8999999999999999
1.0999999999999999
1.2999999999999998
1.4999999999999998
1.6999999999999997
1.8999999999999997
{0.1: 165}
0.1 FALSE 4
0.30000000000000004 FALSE 12
0.5 FALSE 17
0.7 TRUE 21
None
4
12
17
21
28
36
45
55
66
78
None
end
3jbw
0.1
0.30000000000000004
0.5
0.7
0.8999999999999999
1.0999999999999999
1.2999999999999998
1.4999999999999998
1.6999999999999997
1.8999999999999997
{0.1: 358}
0.1 FALSE 3
0.30000000000000004 TRUE 11
None
3
11
19
26
33
42
51
61
73
85
None
end
5a63
0.1
0.30000000000000004
0.5
0.7
0.8999999999999999
1.0999999999999999
1.2999999999999998
1.4999999999999998
1.6999999999999997
1.8999999999999997
{0.1: 531436}
0.1 TRUE 5
None
5
15
41
88
164
283
454
690
1013
1435
None
end
5ld2
0.1
0.30000000000000004
0.5
0.7
0.8999999999999999
1.0999999999999999
1.2999999999999998
1.4999999999999998
1.6999999999999997
1.8999999999999997
{0.1: 1727}
0.1 TRUE 1
None
1
2
5
9
16
24
35
46
64
82
None
end
5ujz
0.1
0.30000000000000004
0.5
0.7
0.8999999999999999
1.0999999999999999
1.2999999999999998
1.4999999999999998
1.6999999999999997
1.8999999999999997
{0.1: 32724}
0.1 TRUE 44
None
44
144
255
397
577
801
1076
1405
1810
2282
None
end
6b40
0.1
0.30000000000000004
0.5
0.7
0.8999999999999999
1.0999999999999999
1.2999999999999998
1.4999999999999998
1.6999999999999997
1.8999999999999997
{0.1: 284}
0.1 TRUE 5
None
5
10
16
23
30
37
46
55
66
76
None
end
6ces
0.1
0.30000000000000004
0.5
0.7
0.8999999999999999
1.0999999999999999
1.2999999999999998
1.4999999999999998
1.6999999999999997
1.8999999999999997
{0.1: 7962614}
0.1 FALSE 10
0.30000000000000004 TRUE 57
None
10
57
175
419
879
1675
2970
4956
7891
12060
None
end
6fe8
0.1
0.30000000000000004
0.5
0.7
0.8999999999999999
1.0999999999999999
1.2999999999999998
1.4999999999999998
1.6999999999999997
1.8999999999999997
{0.1: 32757}
0.1 FALSE 11
0.30000000000000004 TRUE 38
None
11
38
71
112
167
235
321
425
550
700
None
end
6fn4
0.1
0.30000000000000004
0.5
0.7
0.8999999999999999
1.0999999999999999
1.2999999999999998
1.4999999999999998
1.6999999999999997
1.8999999999999997
{0.1: 13817}
0.1 FALSE 7
0.30000000000000004 TRUE 27
None
7
27
51
81
122
175
241
323
437
556
None
end
6hz4
0.1
0.30000000000000004
0.5
0.7
0.8999999999999999
1.0999999999999999
1.2999999999999998
1.4999999999999998
1.6999999999999997
1.8999999999999997
{0.1: 1495}
0.1 TRUE 26
None
26
77
128
180
231
285
344
409
479
555
None
end
6ifk
0.1
0.30000000000000004
0.5
0.7
0.8999999999999999
1.0999999999999999
1.2999999999999998
1.4999999999999998
1.6999999999999997
1.8999999999999997
{0.1: 714924238}
0.1 TRUE 61
None
61
267
733
1687
3451
6438
11198
18422
28957
43821
None
end
6ira
0.1
0.30000000000000004
0.5
0.7
0.8999999999999999
1.0999999999999999
1.2999999999999998
1.4999999999999998
1.6999999999999997
1.8999999999999997
{0.1: 118}
0.1 TRUE 3
None
3
9
11
15
21
28
36
39
45
55
None
end
2xzb
0.1
0.30000000000000004
0.5
0.7
0.8999999999999999
1.0999999999999999
1.2999999999999998
1.4999999999999998
1.6999999999999997
1.8999999999999997
{0.1: 4335}
0.1 TRUE 21
None
21
62
102
143
184
228
277
330
386
449
None
end
4upf
0.1
0.30000000000000004
0.5
0.7
0.8999999999999999
1.0999999999999999
1.2999999999999998
1.4999999999999998
1.6999999999999997
1.8999999999999997
{0.1: 154977}
0.1 TRUE 259
None
259
783
1303
1824
2346
2881
3472
4118
4819
5575
None
end
4ci0
0.1
0.30000000000000004
0.5
0.7
0.8999999999999999
1.0999999999999999
1.2999999999999998
1.4999999999999998
1.6999999999999997
1.8999999999999997
{0.1: 2858681}
0.1 TRUE 4607
None
4607
14226
25045
37864
53489
72691
96010
123851
156617
194696
None
end
4atx
0.1
0.30000000000000004
0.5
0.7
0.8999999999999999
1.0999999999999999
1.2999999999999998
1.4999999999999998
1.6999999999999997
1.8999999999999997
{0.1: 23597422}
0.1 FALSE 42481
0.30000000000000004 FALSE 131078
0.5 TRUE 230186
None
42481
131078
230186
346982
488440
661591
871321
1121369
1415096
1756159
None
end
3iz0
0.1
