6e14
0.1
0.2
0.30000000000000004
0.4
0.5
0.6
0.7
0.7999999999999999
0.8999999999999999
0.9999999999999999
1.0999999999999999
1.2
1.3
1.4000000000000001
1.5000000000000002
1.6000000000000003
1.7000000000000004
1.8000000000000005
1.9000000000000006
{0.1: 11881376}
0.1 FALSE 0
0.2 TRUE 3
None
0
3
7
19
42
72
123
200
306
449
651
905
1237
1660
2184
2842
3632
4608
5756
None
end
3c91
0.1
0.2
0.30000000000000004
0.4
0.5
0.6
0.7
0.7999999999999999
0.8999999999999999
0.9999999999999999
1.0999999999999999
1.2
1.3
1.4000000000000001
1.5000000000000002
1.6000000000000003
1.7000000000000004
1.8000000000000005
1.9000000000000006
{0.1: 8858}
0.1 TRUE 167
None
167
334
502
672
840
1008
1175
1341
1510
1678
1853
2036
2229
2430
2640
2860
3086
3322
3566
None
end
3j0e
0.1
0.2
0.30000000000000004
0.4
0.5
0.6
0.7
0.7999999999999999
0.8999999999999999
0.9999999999999999
1.0999999999999999
1.2
1.3
1.4000000000000001
1.5000000000000002
1.6000000000000003
1.7000000000000004
1.8000000000000005
1.9000000000000006
{0.1: 1728}
0.1 FALSE 0
0.2 FALSE 0
0.30000000000000004 FALSE 0
0.4 TRUE 1
None
0
0
0
1
2
3
5
7
8
12
14
16
22
25
31
37
42
50
58
None
end
3j7i
0.1
0.2
0.30000000000000004
0.4
0.5
0.6
0.7
0.7999999999999999
0.8999999999999999
0.9999999999999999
1.0999999999999999
1.2
1.3
1.4000000000000001
1.5000000000000002
1.6000000000000003
1.7000000000000004
1.8000000000000005
1.9000000000000006
{0.1: 165}
0.1 FALSE 4
0.2 FALSE 7
0.30000000000000004 FALSE 12
0.4 FALSE 14
0.5 FALSE 17
0.6 TRUE 21
None
4
7
12
14
17
21
21
28
28
36
36
45
45
55
55
66
66
78
78
None
end
3jbw
0.1
0.2
0.30000000000000004
0.4
0.5
0.6
0.7
0.7999999999999999
0.8999999999999999
0.9999999999999999
1.0999999999999999
1.2
1.3
1.4000000000000001
1.5000000000000002
1.6000000000000003
1.7000000000000004
1.8000000000000005
1.9000000000000006
{0.1: 358}
0.1 FALSE 3
0.2 TRUE 8
None
3
8
11
14
19
22
26
30
33
37
42
46
51
57
61
67
73
78
85
None
end
5a63
0.1
0.2
0.30000000000000004
0.4
0.5
0.6
0.7
0.7999999999999999
0.8999999999999999
0.9999999999999999
1.0999999999999999
1.2
1.3
1.4000000000000001
1.5000000000000002
1.6000000000000003
1.7000000000000004
1.8000000000000005
1.9000000000000006
{0.1: 531436}
0.1 TRUE 5
None
5
8
15
30
41
61
88
126
164
219
283
366
454
565
690
849
1013
1212
1435
None
end
5ld2
0.1
0.2
0.30000000000000004
0.4
0.5
0.6
0.7
0.7999999999999999
0.8999999999999999
0.9999999999999999
1.0999999999999999
1.2
1.3
1.4000000000000001
1.5000000000000002
1.6000000000000003
1.7000000000000004
1.8000000000000005
1.9000000000000006
{0.1: 1727}
0.1 TRUE 1
None
1
2
2
5
5
8
9
14
16
20
24
30
35
40
46
56
64
72
82
None
end
5ujz
0.1
0.2
0.30000000000000004
0.4
0.5
0.6
0.7
0.7999999999999999
0.8999999999999999
0.9999999999999999
1.0999999999999999
1.2
1.3
1.4000000000000001
1.5000000000000002
1.6000000000000003
1.7000000000000004
1.8000000000000005
1.9000000000000006
{0.1: 32724}
0.1 TRUE 44
None
44
93
144
195
255
317
397
481
577
678
801
934
1076
1242
1405
1599
1810
2027
2282
None
end
6b40
0.1
0.2
0.30000000000000004
0.4
0.5
0.6
0.7
0.7999999999999999
0.8999999999999999
0.9999999999999999
1.0999999999999999
1.2
1.3
1.4000000000000001
1.5000000000000002
1.6000000000000003
1.7000000000000004
1.8000000000000005
1.9000000000000006
{0.1: 284}
0.1 TRUE 5
None
5
6
10
14
16
20
23
26
30
34
37
41
46
51
55
60
66
70
76
None
end
6ces
0.1
0.2
0.30000000000000004
0.4
0.5
0.6
0.7
0.7999999999999999
0.8999999999999999
0.9999999999999999
1.0999999999999999
1.2
1.3
1.4000000000000001
1.5000000000000002
1.6000000000000003
1.7000000000000004
1.8000000000000005
1.9000000000000006
{0.1: 7962614}
0.1 FALSE 10
0.2 TRUE 27
None
10
27
57
104
175
276
419
618
879
1225
1675
2247
2970
3863
4956
6289
7891
9800
12060
None
end
6fe8
0.1
0.2
0.30000000000000004
0.4
0.5
0.6
0.7
0.7999999999999999
0.8999999999999999
0.9999999999999999
1.0999999999999999
1.2
1.3
1.4000000000000001
1.5000000000000002
1.6000000000000003
1.7000000000000004
1.8000000000000005
1.9000000000000006
{0.1: 32757}
0.1 FALSE 11
0.2 TRUE 25
None
11
25
38
53
71
88
112
134
167
195
235
273
321
371
425
488
550
625
700
None
end
6fn4
0.1
0.2
0.30000000000000004
0.4
0.5
0.6
0.7
0.7999999999999999
0.8999999999999999
0.9999999999999999
1.0999999999999999
1.2
1.3
1.4000000000000001
1.5000000000000002
1.6000000000000003
1.7000000000000004
1.8000000000000005
1.9000000000000006
{0.1: 13817}
0.1 FALSE 7
0.2 FALSE 14
0.30000000000000004 TRUE 27
None
7
14
27
39
51
65
81
100
122
147
175
206
241
280
323
380
437
494
556
None
end
6hz4
0.1
0.2
0.30000000000000004
0.4
0.5
0.6
0.7
0.7999999999999999
0.8999999999999999
0.9999999999999999
1.0999999999999999
1.2
1.3
1.4000000000000001
1.5000000000000002
1.6000000000000003
1.7000000000000004
1.8000000000000005
1.9000000000000006
{0.1: 1495}
0.1 TRUE 26
None
26
51
77
103
128
153
180
204
231
257
285
313
344
375
409
442
479
516
555
None
end
6ifk
0.1
0.2
0.30000000000000004
0.4
0.5
0.6
0.7
0.7999999999999999
0.8999999999999999
0.9999999999999999
1.0999999999999999
1.2
1.3
1.4000000000000001
1.5000000000000002
1.6000000000000003
1.7000000000000004
1.8000000000000005
1.9000000000000006
{0.1: 714924238}
0.1 TRUE 61
None
61
135
267
443
733
1119
1687
2433
3451
4748
6438
8545
11198
14436
18422
23199
28957
35758
43821
None
end
6ira
0.1
0.2
0.30000000000000004
0.4
0.5
0.6
0.7
0.7999999999999999
0.8999999999999999
0.9999999999999999
1.0999999999999999
1.2
1.3
1.4000000000000001
1.5000000000000002
1.6000000000000003
1.7000000000000004
1.8000000000000005
1.9000000000000006
{0.1: 118}
0.1 TRUE 3
None
3
3
9
9
11
15
15
21
21
23
28
28
36
36
39
45
45
55
55
None
end
2xzb
0.1
0.2
0.30000000000000004
0.4
0.5
0.6
0.7
0.7999999999999999
0.8999999999999999
0.9999999999999999
1.0999999999999999
1.2
1.3
1.4000000000000001
1.5000000000000002
1.6000000000000003
1.7000000000000004
1.8000000000000005
1.9000000000000006
{0.1: 4335}
0.1 TRUE 21
None
21
41
62
82
102
122
143
164
184
206
228
252
277
303
330
359
386
420
449
None
end
4upf
0.1
0.2
0.30000000000000004
0.4
0.5
0.6
0.7
0.7999999999999999
0.8999999999999999
0.9999999999999999
1.0999999999999999
1.2
1.3
1.4000000000000001
1.5000000000000002
1.6000000000000003
1.7000000000000004
1.8000000000000005
1.9000000000000006
{0.1: 154977}
0.1 TRUE 259
None
259
521
783
1043
1303
1564
1824
2086
2346
2606
2881
3170
3472
3788
4118
4462
4819
5189
5575
None
end
4ci0
0.1
0.2
0.30000000000000004
0.4
0.5
0.6
0.7
0.7999999999999999
0.8999999999999999
0.9999999999999999
1.0999999999999999
1.2
1.3
1.4000000000000001
1.5000000000000002
1.6000000000000003
1.7000000000000004
1.8000000000000005
1.9000000000000006
{0.1: 2858681}
0.1 TRUE 4607
None
4607
9316
14226
19435
25045
31154
37864
45276
53489
62601
72691
83810
96010
109341
123851
139595
156617
174964
194696
None
end
4atx
0.1
0.2
0.30000000000000004
0.4
0.5
0.6
0.7
0.7999999999999999
0.8999999999999999
0.9999999999999999
1.0999999999999999
1.2
1.3
1.4000000000000001
1.5000000000000002
1.6000000000000003
1.7000000000000004
1.8000000000000005
1.9000000000000006
{0.1: 23597422}
0.1 FALSE 42481
0.2 FALSE 85915
0.30000000000000004 FALSE 131078
0.4 FALSE 178842
0.5 TRUE 230186
None
42481
85915
131078
178842
230186
285934
346982
414190
488440
570642
661591
761639
871321
991091
1121369
1262505
1415096
1579483
1756159
None
end
3iz0
0.1
