6e14
0.05
0.1
0.15000000000000002
0.2
0.25
0.3
0.35
0.39999999999999997
0.44999999999999996
0.49999999999999994
0.5499999999999999
0.6
0.65
0.7000000000000001
0.7500000000000001
0.8000000000000002
0.8500000000000002
0.9000000000000002
0.9500000000000003
1.0000000000000002
1.0500000000000003
1.1000000000000003
1.1500000000000004
1.2000000000000004
1.2500000000000004
1.3000000000000005
1.3500000000000005
1.4000000000000006
1.4500000000000006
1.5000000000000007
1.5500000000000007
1.6000000000000008
1.6500000000000008
1.7000000000000008
1.7500000000000009
1.800000000000001
1.850000000000001
1.900000000000001
1.950000000000001
{0.05: 11881376}
0.05 FALSE 0
0.1 FALSE 0
0.15000000000000002 TRUE 1
None
0
0
1
3
4
7
14
19
26
42
54
72
98
123
158
200
247
306
374
449
544
651
765
905
1064
1237
1435
1660
1911
2184
2493
2842
3217
3632
4096
4608
5151
5756
6427
None
end
3c91
0.05
0.1
0.15000000000000002
0.2
0.25
0.3
0.35
0.39999999999999997
0.44999999999999996
0.49999999999999994
0.5499999999999999
0.6
0.65
0.7000000000000001
0.7500000000000001
0.8000000000000002
0.8500000000000002
0.9000000000000002
0.9500000000000003
1.0000000000000002
1.0500000000000003
1.1000000000000003
1.1500000000000004
1.2000000000000004
1.2500000000000004
1.3000000000000005
1.3500000000000005
1.4000000000000006
1.4500000000000006
1.5000000000000007
1.5500000000000007
1.6000000000000008
1.6500000000000008
1.7000000000000008
1.7500000000000009
1.800000000000001
1.850000000000001
1.900000000000001
1.950000000000001
{0.05: 8942}
0.05 TRUE 83
None
83
167
249
334
418
502
588
672
756
840
923
1008
1091
1175
1259
1341
1425
1510
1593
1678
1764
1853
1944
2036
2132
2229
2328
2430
2534
2640
2749
2860
2972
3086
3204
3322
3442
3566
3691
None
end
3j0e
0.05
0.1
0.15000000000000002
0.2
0.25
0.3
0.35
0.39999999999999997
0.44999999999999996
0.49999999999999994
0.5499999999999999
0.6
0.65
0.7000000000000001
0.7500000000000001
0.8000000000000002
0.8500000000000002
0.9000000000000002
0.9500000000000003
1.0000000000000002
1.0500000000000003
1.1000000000000003
1.1500000000000004
1.2000000000000004
1.2500000000000004
1.3000000000000005
1.3500000000000005
1.4000000000000006
1.4500000000000006
1.5000000000000007
1.5500000000000007
1.6000000000000008
1.6500000000000008
1.7000000000000008
1.7500000000000009
1.800000000000001
1.850000000000001
1.900000000000001
1.950000000000001
{0.05: 1728}
0.05 FALSE 0
0.1 FALSE 0
0.15000000000000002 FALSE 0
0.2 FALSE 0
0.25 FALSE 0
0.3 FALSE 0
0.35 TRUE 1
None
0
0
0
0
0
0
1
1
1
2
3
3
4
5
5
7
8
8
10
12
12
14
16
16
19
22
22
25
29
31
33
37
39
42
47
50
52
58
63
None
end
3j7i
0.05
0.1
0.15000000000000002
0.2
0.25
0.3
0.35
0.39999999999999997
0.44999999999999996
0.49999999999999994
0.5499999999999999
0.6
0.65
0.7000000000000001
0.7500000000000001
0.8000000000000002
0.8500000000000002
0.9000000000000002
0.9500000000000003
1.0000000000000002
1.0500000000000003
1.1000000000000003
1.1500000000000004
1.2000000000000004
1.2500000000000004
1.3000000000000005
1.3500000000000005
1.4000000000000006
1.4500000000000006
1.5000000000000007
1.5500000000000007
1.6000000000000008
1.6500000000000008
1.7000000000000008
1.7500000000000009
1.800000000000001
1.850000000000001
1.900000000000001
1.950000000000001
{0.05: 169}
0.05 FALSE 0
0.1 FALSE 4
0.15000000000000002 FALSE 7
0.2 FALSE 7
0.25 FALSE 7
0.3 FALSE 12
0.35 FALSE 12
0.39999999999999997 FALSE 14
0.44999999999999996 FALSE 14
0.49999999999999994 FALSE 17
0.5499999999999999 FALSE 20
0.6 TRUE 21
None
0
4
7
7
7
12
12
14
14
17
20
21
21
21
28
28
28
28
36
36
36
36
45
45
45
45
45
55
55
55
55
66
66
66
66
78
78
78
78
None
end
3jbw
0.05
0.1
0.15000000000000002
0.2
0.25
0.3
0.35
0.39999999999999997
0.44999999999999996
0.49999999999999994
0.5499999999999999
0.6
0.65
0.7000000000000001
0.7500000000000001
0.8000000000000002
0.8500000000000002
0.9000000000000002
0.9500000000000003
1.0000000000000002
1.0500000000000003
1.1000000000000003
1.1500000000000004
1.2000000000000004
1.2500000000000004
1.3000000000000005
1.3500000000000005
1.4000000000000006
1.4500000000000006
1.5000000000000007
1.5500000000000007
1.6000000000000008
1.6500000000000008
1.7000000000000008
1.7500000000000009
1.800000000000001
1.850000000000001
1.900000000000001
1.950000000000001
{0.05: 358}
0.05 FALSE 3
0.1 FALSE 3
0.15000000000000002 TRUE 6
None
3
3
6
8
8
11
13
14
17
19
19
22
24
26
28
30
31
33
35
37
40
42
44
46
48
51
53
57
59
61
64
67
69
73
76
78
82
85
87
None
end
5a63
0.05
0.1
0.15000000000000002
0.2
0.25
0.3
0.35
0.39999999999999997
0.44999999999999996
0.49999999999999994
0.5499999999999999
0.6
0.65
0.7000000000000001
0.7500000000000001
0.8000000000000002
0.8500000000000002
0.9000000000000002
0.9500000000000003
1.0000000000000002
1.0500000000000003
1.1000000000000003
1.1500000000000004
1.2000000000000004
1.2500000000000004
1.3000000000000005
1.3500000000000005
1.4000000000000006
1.4500000000000006
1.5000000000000007
1.5500000000000007
1.6000000000000008
1.6500000000000008
1.7000000000000008
1.7500000000000009
1.800000000000001
1.850000000000001
1.900000000000001
1.950000000000001
{0.05: 531440}
0.05 FALSE 1
0.1 TRUE 5
None
1
5
6
8
14
15
20
30
32
41
53
61
75
88
103
126
142
164
193
219
250
283
321
366
406
454
509
565
629
690
765
849
922
1013
1114
1212
1322
1435
1556
None
end
5ld2
0.05
0.1
0.15000000000000002
0.2
0.25
0.3
0.35
0.39999999999999997
0.44999999999999996
0.49999999999999994
0.5499999999999999
0.6
0.65
0.7000000000000001
0.7500000000000001
0.8000000000000002
0.8500000000000002
0.9000000000000002
0.9500000000000003
1.0000000000000002
1.0500000000000003
1.1000000000000003
1.1500000000000004
1.2000000000000004
1.2500000000000004
1.3000000000000005
1.3500000000000005
1.4000000000000006
1.4500000000000006
1.5000000000000007
1.5500000000000007
1.6000000000000008
1.6500000000000008
1.7000000000000008
1.7500000000000009
1.800000000000001
1.850000000000001
1.900000000000001
1.950000000000001
{0.05: 1727}
0.05 TRUE 1
None
1
1
2
2
2
2
3
5
5
5
7
8
8
9
12
14
14
16
19
20
21
24
28
30
31
35
39
40
42
46
52
56
59
64
68
72
76
82
88
None
end
5ujz
0.05
0.1
0.15000000000000002
0.2
0.25
0.3
0.35
0.39999999999999997
0.44999999999999996
0.49999999999999994
0.5499999999999999
0.6
0.65
0.7000000000000001
0.7500000000000001
0.8000000000000002
0.8500000000000002
0.9000000000000002
0.9500000000000003
1.0000000000000002
1.0500000000000003
1.1000000000000003
1.1500000000000004
1.2000000000000004
1.2500000000000004
1.3000000000000005
1.3500000000000005
1.4000000000000006
1.4500000000000006
1.5000000000000007
1.5500000000000007
1.6000000000000008
1.6500000000000008
1.7000000000000008
1.7500000000000009
1.800000000000001
1.850000000000001
1.900000000000001
1.950000000000001
{0.05: 32743}
0.05 FALSE 25
0.1 TRUE 44
None
25
44
69
93
117
144
166
195
227
255
290
317
361
397
435
481
519
577
629
678
739
801
864
934
998
1076
1155
1242
1324
1405
1501
1599
1707
1810
1910
2027
2157
2282
2402
None
end
6b40
0.05
0.1
0.15000000000000002
0.2
0.25
0.3
0.35
0.39999999999999997
0.44999999999999996
0.49999999999999994
0.5499999999999999
0.6
0.65
0.7000000000000001
0.7500000000000001
0.8000000000000002
0.8500000000000002
0.9000000000000002
0.9500000000000003
1.0000000000000002
1.0500000000000003
1.1000000000000003
1.1500000000000004
1.2000000000000004
1.2500000000000004
1.3000000000000005
1.3500000000000005
1.4000000000000006
1.4500000000000006
1.5000000000000007
1.5500000000000007
1.6000000000000008
1.6500000000000008
1.7000000000000008
1.7500000000000009
1.800000000000001
1.850000000000001
1.900000000000001
1.950000000000001
{0.05: 288}
0.05 FALSE 1
0.1 TRUE 5
None
1
5
5
6
9
10
11
14
15
16
19
20
21
23
25
26
28
30
32
34
36
37
39
41
44
46
48
51
53
55
58
60
62
66
68
70
74
76
79
None
end
6ces
0.05
0.1
0.15000000000000002
0.2
0.25
0.3
0.35
0.39999999999999997
0.44999999999999996
0.49999999999999994
0.5499999999999999
0.6
0.65
0.7000000000000001
0.7500000000000001
0.8000000000000002
0.8500000000000002
0.9000000000000002
0.9500000000000003
1.0000000000000002
1.0500000000000003
1.1000000000000003
1.1500000000000004
1.2000000000000004
1.2500000000000004
1.3000000000000005
1.3500000000000005
1.4000000000000006
1.4500000000000006
1.5000000000000007
1.5500000000000007
1.6000000000000008
1.6500000000000008
1.7000000000000008
1.7500000000000009
1.800000000000001
1.850000000000001
1.900000000000001
1.950000000000001
{0.05: 7962618}
0.05 FALSE 6
0.1 FALSE 10
0.15000000000000002 FALSE 20
0.2 TRUE 27
None
6
10
20
27
43
57
77
104
131
175
215
276
335
419
503
618
731
879
1038
1225
1438
1675
1949
2247
2597
2970
3401
3863
4394
4956
5605
6289
7060
7891
8809
9800
10888
12060
13340
None
end
6fe8
0.05
0.1
0.15000000000000002
0.2
0.25
0.3
0.35
0.39999999999999997
0.44999999999999996
0.49999999999999994
0.5499999999999999
0.6
0.65
0.7000000000000001
0.7500000000000001
0.8000000000000002
0.8500000000000002
0.9000000000000002
0.9500000000000003
1.0000000000000002
1.0500000000000003
1.1000000000000003
1.1500000000000004
1.2000000000000004
1.2500000000000004
1.3000000000000005
1.3500000000000005
1.4000000000000006
1.4500000000000006
1.5000000000000007
1.5500000000000007
1.6000000000000008
1.6500000000000008
1.7000000000000008
1.7500000000000009
1.800000000000001
1.850000000000001
1.900000000000001
1.950000000000001
{0.05: 32763}
0.05 FALSE 5
0.1 FALSE 11
0.15000000000000002 FALSE 19
0.2 TRUE 25
None
5
11
19
25
30
38
46
53
60
71
80
88
98
112
124
134
150
167
181
195
216
235
253
273
298
321
343
371
399
425
453
488
519
550
586
625
661
700
743
None
end
6fn4
0.05
0.1
0.15000000000000002
0.2
0.25
0.3
0.35
0.39999999999999997
0.44999999999999996
0.49999999999999994
0.5499999999999999
0.6
0.65
0.7000000000000001
0.7500000000000001
0.8000000000000002
0.8500000000000002
0.9000000000000002
0.9500000000000003
1.0000000000000002
1.0500000000000003
1.1000000000000003
1.1500000000000004
1.2000000000000004
1.2500000000000004
1.3000000000000005
1.3500000000000005
1.4000000000000006
1.4500000000000006
1.5000000000000007
1.5500000000000007
1.6000000000000008
1.6500000000000008
1.7000000000000008
1.7500000000000009
1.800000000000001
1.850000000000001
1.900000000000001
1.950000000000001
{0.05: 13820}
0.05 FALSE 4
0.1 FALSE 7
0.15000000000000002 FALSE 12
0.2 FALSE 14
0.25 FALSE 21
0.3 TRUE 27
None
4
7
12
14
21
27
31
39
42
51
55
65
70
81
87
100
107
122
133
147
160
175
190
206
223
241
260
280
301
323
346
380
395
437
448
494
506
556
569
None
end
6hz4
0.05
0.1
0.15000000000000002
0.2
0.25
0.3
0.35
0.39999999999999997
0.44999999999999996
0.49999999999999994
0.5499999999999999
0.6
0.65
0.7000000000000001
0.7500000000000001
0.8000000000000002
0.8500000000000002
0.9000000000000002
0.9500000000000003
1.0000000000000002
1.0500000000000003
1.1000000000000003
1.1500000000000004
1.2000000000000004
1.2500000000000004
1.3000000000000005
1.3500000000000005
1.4000000000000006
1.4500000000000006
1.5000000000000007
1.5500000000000007
1.6000000000000008
1.6500000000000008
1.7000000000000008
1.7500000000000009
1.800000000000001
1.850000000000001
1.900000000000001
1.950000000000001
{0.05: 1509}
0.05 FALSE 12
0.1 TRUE 26
None
12
26
39
51
64
77
90
103
115
128
142
153
166
180
193
204
218
231
244
257
270
285
299
313
328
344
360
375
391
409
426
442
460
479
498
516
535
555
575
None
end
6ifk
0.05
0.1
0.15000000000000002
0.2
0.25
0.3
0.35
0.39999999999999997
0.44999999999999996
0.49999999999999994
0.5499999999999999
0.6
0.65
0.7000000000000001
0.7500000000000001
0.8000000000000002
0.8500000000000002
0.9000000000000002
0.9500000000000003
1.0000000000000002
1.0500000000000003
1.1000000000000003
1.1500000000000004
1.2000000000000004
1.2500000000000004
1.3000000000000005
1.3500000000000005
1.4000000000000006
1.4500000000000006
1.5000000000000007
1.5500000000000007
1.6000000000000008
1.6500000000000008
1.7000000000000008
1.7500000000000009
1.800000000000001
1.850000000000001
1.900000000000001
1.950000000000001
{0.05: 714924265}
0.05 FALSE 34
0.1 TRUE 61
None
34
61
91
135
202
267
335
443
585
733
896
1119
1399
1687
2020
2433
2923
3451
4044
4748
5558
6438
7418
8545
9812
11198
12727
14436
16346
18422
20691
23199
25953
28957
32204
35758
39633
43821
48341
None
end
6ira
0.05
0.1
0.15000000000000002
0.2
0.25
0.3
0.35
0.39999999999999997
0.44999999999999996
0.49999999999999994
0.5499999999999999
0.6
0.65
0.7000000000000001
0.7500000000000001
0.8000000000000002
0.8500000000000002
0.9000000000000002
0.9500000000000003
1.0000000000000002
1.0500000000000003
1.1000000000000003
1.1500000000000004
1.2000000000000004
1.2500000000000004
1.3000000000000005
1.3500000000000005
1.4000000000000006
1.4500000000000006
1.5000000000000007
1.5500000000000007
1.6000000000000008
1.6500000000000008
1.7000000000000008
1.7500000000000009
1.800000000000001
1.850000000000001
1.900000000000001
1.950000000000001
{0.05: 118}
0.05 TRUE 3
None
3
3
3
3
6
9
9
9
9
11
15
15
15
15
17
21
21
21
21
23
28
28
28
28
30
36
36
36
36
39
45
45
45
45
48
55
55
55
55
None
end
2xzb
0.05
0.1
0.15000000000000002
0.2
0.25
0.3
0.35
0.39999999999999997
0.44999999999999996
0.49999999999999994
0.5499999999999999
0.6
0.65
0.7000000000000001
0.7500000000000001
0.8000000000000002
0.8500000000000002
0.9000000000000002
0.9500000000000003
1.0000000000000002
1.0500000000000003
1.1000000000000003
1.1500000000000004
1.2000000000000004
1.2500000000000004
1.3000000000000005
1.3500000000000005
1.4000000000000006
1.4500000000000006
1.5000000000000007
1.5500000000000007
1.6000000000000008
1.6500000000000008
1.7000000000000008
1.7500000000000009
1.800000000000001
1.850000000000001
1.900000000000001
1.950000000000001
{0.05: 4346}
0.05 TRUE 10
None
10
21
31
41
51
62
72
82
91
102
114
122
132
143
154
164
173
184
195
206
216
228
240
252
264
277
290
303
316
330
345
359
373
386
403
420
434
449
466
None
end
4upf
0.05
0.1
0.15000000000000002
0.2
0.25
0.3
0.35
0.39999999999999997
0.44999999999999996
0.49999999999999994
0.5499999999999999
0.6
0.65
0.7000000000000001
0.7500000000000001
0.8000000000000002
0.8500000000000002
0.9000000000000002
0.9500000000000003
1.0000000000000002
1.0500000000000003
1.1000000000000003
1.1500000000000004
1.2000000000000004
1.2500000000000004
1.3000000000000005
1.3500000000000005
1.4000000000000006
1.4500000000000006
1.5000000000000007
1.5500000000000007
1.6000000000000008
1.6500000000000008
1.7000000000000008
1.7500000000000009
1.800000000000001
1.850000000000001
1.900000000000001
1.950000000000001
{0.05: 155105}
0.05 FALSE 131
0.1 TRUE 259
None
131
259
392
521
651
783
911
1043
1173
1303
1433
1564
1693
1824
1953
2086
2215
2346
2475
2606
2743
2881
3024
3170
3319
3472
3629
3788
3952
4118
4288
4462
4638
4819
5002
5189
5380
5575
5772
None
end
4ci0
0.05
0.1
0.15000000000000002
0.2
0.25
0.3
0.35
0.39999999999999997
0.44999999999999996
0.49999999999999994
0.5499999999999999
0.6
0.65
0.7000000000000001
0.7500000000000001
0.8000000000000002
0.8500000000000002
0.9000000000000002
0.9500000000000003
1.0000000000000002
1.0500000000000003
1.1000000000000003
1.1500000000000004
1.2000000000000004
1.2500000000000004
1.3000000000000005
1.3500000000000005
1.4000000000000006
1.4500000000000006
1.5000000000000007
1.5500000000000007
1.6000000000000008
1.6500000000000008
1.7000000000000008
1.7500000000000009
1.800000000000001
1.850000000000001
1.900000000000001
1.950000000000001
{0.05: 2860992}
0.05 TRUE 2296
None
2296
4607
6944
9316
11739
14226
16787
19435
22182
25045
28031
31154
34429
37864
41478
45276
49275
53489
57925
62601
67520
72691
78120
83810
89773
96010
102533
109341
116448
123851
131566
139595
147939
156617
165622
174964
184658
194696
205096
None
end
4atx
0.05
0.1
0.15000000000000002
0.2
0.25
0.3
0.35
0.39999999999999997
0.44999999999999996
0.49999999999999994
0.5499999999999999
0.6
0.65
0.7000000000000001
0.7500000000000001
0.8000000000000002
0.8500000000000002
0.9000000000000002
0.9500000000000003
1.0000000000000002
1.0500000000000003
1.1000000000000003
1.1500000000000004
1.2000000000000004
1.2500000000000004
1.3000000000000005
1.3500000000000005
1.4000000000000006
1.4500000000000006
1.5000000000000007
1.5500000000000007
1.6000000000000008
1.6500000000000008
1.7000000000000008
1.7500000000000009
1.800000000000001
1.850000000000001
1.900000000000001
1.950000000000001
{0.05: 23618670}
0.05 FALSE 21233
0.1 FALSE 42481
0.15000000000000002 FALSE 64045
0.2 FALSE 85915
0.25 FALSE 108174
0.3 FALSE 131078
0.35 FALSE 154570
0.39999999999999997 FALSE 178842
0.44999999999999996 TRUE 204067
None
21233
42481
64045
85915
108174
131078
154570
178842
204067
230186
257439
285934
315708
346982
379739
414190
450410
488440
528493
570642
614947
661591
710406
761639
815313
871321
929899
991091
1054806
1121369
1190526
1262505
1337426
1415096
1495744
1579483
1666198
1756159
1849183
None
end
