6e14
0.05
0.1
0.15000000000000002
0.2
0.25
0.3
0.35
0.39999999999999997
0.44999999999999996
0.49999999999999994
0.5499999999999999
0.6
0.65
0.7000000000000001
0.7500000000000001
0.8000000000000002
0.8500000000000002
0.9000000000000002
0.9500000000000003
1.0000000000000002
1.0500000000000003
1.1000000000000003
1.1500000000000004
1.2000000000000004
1.2500000000000004
1.3000000000000005
1.3500000000000005
1.4000000000000006
1.4500000000000006
1.5000000000000007
1.5500000000000007
1.6000000000000008
1.6500000000000008
1.7000000000000008
1.7500000000000009
1.800000000000001
1.850000000000001
1.900000000000001
1.950000000000001
{0.05: 184528090}
0.05 FALSE 35
0.1 FALSE 71
0.15000000000000002 FALSE 115
0.2 FALSE 166
0.25 TRUE 233
None
35
71
115
166
233
315
422
552
713
913
1145
1430
1765
2155
2622
3151
3773
4482
5293
6227
7269
8464
9795
11292
12976
14831
16917
19212
21752
24567
27638
31035
34735
38787
43219
48017
53261
58934
65079
None
end
3c91
0.05
0.1
0.15000000000000002
0.2
0.25
0.3
0.35
0.39999999999999997
0.44999999999999996
0.49999999999999994
0.5499999999999999
0.6
0.65
0.7000000000000001
0.7500000000000001
0.8000000000000002
0.8500000000000002
0.9000000000000002
0.9500000000000003
1.0000000000000002
1.0500000000000003
1.1000000000000003
1.1500000000000004
1.2000000000000004
1.2500000000000004
1.3000000000000005
1.3500000000000005
1.4000000000000006
1.4500000000000006
1.5000000000000007
1.5500000000000007
1.6000000000000008
1.6500000000000008
1.7000000000000008
1.7500000000000009
1.800000000000001
1.850000000000001
1.900000000000001
1.950000000000001
{0.05: 9319}
0.05 FALSE 90
0.1 TRUE 175
None
90
175
261
351
440
527
611
702
791
877
963
1053
1141
1228
1314
1403
1491
1579
1666
1754
1845
1937
2032
2129
2228
2330
2435
2541
2648
2759
2874
2988
3105
3224
3349
3473
3597
3726
3860
None
end
3j0e
0.05
0.1
0.15000000000000002
0.2
0.25
0.3
0.35
0.39999999999999997
0.44999999999999996
0.49999999999999994
0.5499999999999999
0.6
0.65
0.7000000000000001
0.7500000000000001
0.8000000000000002
0.8500000000000002
0.9000000000000002
0.9500000000000003
1.0000000000000002
1.0500000000000003
1.1000000000000003
1.1500000000000004
1.2000000000000004
1.2500000000000004
1.3000000000000005
1.3500000000000005
1.4000000000000006
1.4500000000000006
1.5000000000000007
1.5500000000000007
1.6000000000000008
1.6500000000000008
1.7000000000000008
1.7500000000000009
1.800000000000001
1.850000000000001
1.900000000000001
1.950000000000001
{0.05: 4913}
0.05 FALSE 0
0.1 TRUE 1
None
0
1
1
2
3
3
4
5
7
8
10
10
12
14
16
19
22
22
25
29
33
37
42
44
47
52
58
64
70
72
77
84
92
100
109
113
119
128
138
None
end
3j7i
0.05
0.1
0.15000000000000002
0.2
0.25
0.3
0.35
0.39999999999999997
0.44999999999999996
0.49999999999999994
0.5499999999999999
0.6
0.65
0.7000000000000001
0.7500000000000001
0.8000000000000002
0.8500000000000002
0.9000000000000002
0.9500000000000003
1.0000000000000002
1.0500000000000003
1.1000000000000003
1.1500000000000004
1.2000000000000004
1.2500000000000004
1.3000000000000005
1.3500000000000005
1.4000000000000006
1.4500000000000006
1.5000000000000007
1.5500000000000007
1.6000000000000008
1.6500000000000008
1.7000000000000008
1.7500000000000009
1.800000000000001
1.850000000000001
1.900000000000001
1.950000000000001
{0.05: 196}
0.05 FALSE 0
0.1 FALSE 4
0.15000000000000002 FALSE 9
0.2 FALSE 9
0.25 FALSE 12
0.3 FALSE 12
0.35 FALSE 18
0.39999999999999997 FALSE 18
0.44999999999999996 FALSE 20
0.49999999999999994 FALSE 20
0.5499999999999999 FALSE 27
0.6 FALSE 27
0.65 TRUE 28
None
0
4
9
9
12
12
18
18
20
20
27
27
28
36
36
36
36
45
45
45
45
55
55
55
55
66
66
66
75
78
78
78
91
91
91
91
105
105
105
None
end
3jbw
0.05
0.1
0.15000000000000002
0.2
0.25
0.3
0.35
0.39999999999999997
0.44999999999999996
0.49999999999999994
0.5499999999999999
0.6
0.65
0.7000000000000001
0.7500000000000001
0.8000000000000002
0.8500000000000002
0.9000000000000002
0.9500000000000003
1.0000000000000002
1.0500000000000003
1.1000000000000003
1.1500000000000004
1.2000000000000004
1.2500000000000004
1.3000000000000005
1.3500000000000005
1.4000000000000006
1.4500000000000006
1.5000000000000007
1.5500000000000007
1.6000000000000008
1.6500000000000008
1.7000000000000008
1.7500000000000009
1.800000000000001
1.850000000000001
1.900000000000001
1.950000000000001
{0.05: 574}
0.05 FALSE 2
0.1 FALSE 7
0.15000000000000002 FALSE 9
0.2 FALSE 13
0.25 FALSE 15
0.3 TRUE 19
None
2
7
9
13
15
19
22
24
28
31
34
37
41
44
46
50
53
55
59
62
66
69
74
77
80
85
89
93
96
102
105
110
115
120
124
129
135
139
144
None
end
5a63
0.05
0.1
0.15000000000000002
0.2
0.25
0.3
0.35
0.39999999999999997
0.44999999999999996
0.49999999999999994
0.5499999999999999
0.6
0.65
0.7000000000000001
0.7500000000000001
0.8000000000000002
0.8500000000000002
0.9000000000000002
0.9500000000000003
1.0000000000000002
1.0500000000000003
1.1000000000000003
1.1500000000000004
1.2000000000000004
1.2500000000000004
1.3000000000000005
1.3500000000000005
1.4000000000000006
1.4500000000000006
1.5000000000000007
1.5500000000000007
1.6000000000000008
1.6500000000000008
1.7000000000000008
1.7500000000000009
1.800000000000001
1.850000000000001
1.900000000000001
1.950000000000001
{0.05: 6249956}
0.05 FALSE 44
0.1 FALSE 87
0.15000000000000002 FALSE 132
0.2 FALSE 181
0.25 FALSE 236
0.3 FALSE 297
0.35 FALSE 365
0.39999999999999997 FALSE 441
0.44999999999999996 TRUE 528
None
44
87
132
181
236
297
365
441
528
626
737
861
1001
1155
1329
1521
1732
1966
2225
2508
2817
3154
3519
3913
4342
4805
5302
5836
6414
7027
7687
8390
9143
9941
10793
11697
12656
13673
14754
None
end
5ld2
0.05
0.1
0.15000000000000002
0.2
0.25
0.3
0.35
0.39999999999999997
0.44999999999999996
0.49999999999999994
0.5499999999999999
0.6
0.65
0.7000000000000001
0.7500000000000001
0.8000000000000002
0.8500000000000002
0.9000000000000002
0.9500000000000003
1.0000000000000002
1.0500000000000003
1.1000000000000003
1.1500000000000004
1.2000000000000004
1.2500000000000004
1.3000000000000005
1.3500000000000005
1.4000000000000006
1.4500000000000006
1.5000000000000007
1.5500000000000007
1.6000000000000008
1.6500000000000008
1.7000000000000008
1.7500000000000009
1.800000000000001
1.850000000000001
1.900000000000001
1.950000000000001
{0.05: 3374}
0.05 FALSE 1
0.1 FALSE 1
0.15000000000000002 FALSE 2
0.2 TRUE 5
None
1
1
2
5
5
6
8
8
9
12
14
14
18
20
20
24
28
30
32
38
40
42
48
53
57
62
68
72
76
85
91
97
104
111
118
124
135
144
152
None
end
5ujz
0.05
0.1
0.15000000000000002
0.2
0.25
0.3
0.35
0.39999999999999997
0.44999999999999996
0.49999999999999994
0.5499999999999999
0.6
0.65
0.7000000000000001
0.7500000000000001
0.8000000000000002
0.8500000000000002
0.9000000000000002
0.9500000000000003
1.0000000000000002
1.0500000000000003
1.1000000000000003
1.1500000000000004
1.2000000000000004
1.2500000000000004
1.3000000000000005
1.3500000000000005
1.4000000000000006
1.4500000000000006
1.5000000000000007
1.5500000000000007
1.6000000000000008
1.6500000000000008
1.7000000000000008
1.7500000000000009
1.800000000000001
1.850000000000001
1.900000000000001
1.950000000000001
{0.05: 85123}
0.05 FALSE 61
0.1 FALSE 122
0.15000000000000002 FALSE 171
0.2 TRUE 235
None
61
122
171
235
294
367
423
494
563
643
731
805
895
985
1090
1184
1305
1417
1545
1676
1810
1962
2102
2282
2438
2624
2804
2997
3202
3419
3644
3856
4107
4347
4626
4893
5167
5457
5761
None
end
6b40
0.05
0.1
0.15000000000000002
0.2
0.25
0.3
0.35
0.39999999999999997
0.44999999999999996
0.49999999999999994
0.5499999999999999
0.6
0.65
0.7000000000000001
0.7500000000000001
0.8000000000000002
0.8500000000000002
0.9000000000000002
0.9500000000000003
1.0000000000000002
1.0500000000000003
1.1000000000000003
1.1500000000000004
1.2000000000000004
1.2500000000000004
1.3000000000000005
1.3500000000000005
1.4000000000000006
1.4500000000000006
1.5000000000000007
1.5500000000000007
1.6000000000000008
1.6500000000000008
1.7000000000000008
1.7500000000000009
1.800000000000001
1.850000000000001
1.900000000000001
1.950000000000001
{0.05: 481}
0.05 FALSE 3
0.1 FALSE 7
0.15000000000000002 FALSE 8
0.2 FALSE 13
0.25 FALSE 15
0.3 FALSE 19
0.35 TRUE 21
None
3
7
8
13
15
19
21
23
28
30
34
36
39
43
46
48
51
54
58
61
65
68
72
76
78
83
86
91
95
99
104
108
113
116
122
126
131
137
141
None
end
6ces
0.05
0.1
0.15000000000000002
0.2
0.25
0.3
0.35
0.39999999999999997
0.44999999999999996
0.49999999999999994
0.5499999999999999
0.6
0.65
0.7000000000000001
0.7500000000000001
0.8000000000000002
0.8500000000000002
0.9000000000000002
0.9500000000000003
1.0000000000000002
1.0500000000000003
1.1000000000000003
1.1500000000000004
1.2000000000000004
1.2500000000000004
1.3000000000000005
1.3500000000000005
1.4000000000000006
1.4500000000000006
1.5000000000000007
1.5500000000000007
1.6000000000000008
1.6500000000000008
1.7000000000000008
1.7500000000000009
1.800000000000001
1.850000000000001
1.900000000000001
1.950000000000001
{0.05: 24299977}
0.05 FALSE 23
0.1 FALSE 46
0.15000000000000002 FALSE 76
0.2 FALSE 113
0.25 FALSE 148
0.3 TRUE 203
None
23
46
76
113
148
203
270
338
440
549
681
849
1031
1253
1522
1808
2159
2549
2993
3511
4077
4723
5460
6262
7174
8183
9294
10540
11901
13399
15058
16859
18848
21006
23353
25923
28692
31706
34970
None
end
6fe8
0.05
0.1
0.15000000000000002
0.2
0.25
0.3
0.35
0.39999999999999997
0.44999999999999996
0.49999999999999994
0.5499999999999999
0.6
0.65
0.7000000000000001
0.7500000000000001
0.8000000000000002
0.8500000000000002
0.9000000000000002
0.9500000000000003
1.0000000000000002
1.0500000000000003
1.1000000000000003
1.1500000000000004
1.2000000000000004
1.2500000000000004
1.3000000000000005
1.3500000000000005
1.4000000000000006
1.4500000000000006
1.5000000000000007
1.5500000000000007
1.6000000000000008
1.6500000000000008
1.7000000000000008
1.7500000000000009
1.800000000000001
1.850000000000001
1.900000000000001
1.950000000000001
{0.05: 91106}
0.05 FALSE 19
0.1 FALSE 36
0.15000000000000002 FALSE 54
0.2 FALSE 76
0.25 FALSE 93
0.3 FALSE 112
0.35 FALSE 136
0.39999999999999997 TRUE 158
None
19
36
54
76
93
112
136
158
179
206
233
259
287
321
354
387
425
468
509
551
602
653
705
759
821
883
945
1013
1087
1163
1235
1319
1407
1491
1580
1680
1780
1877
1986
None
end
6fn4
0.05
0.1
0.15000000000000002
0.2
0.25
0.3
0.35
0.39999999999999997
0.44999999999999996
0.49999999999999994
0.5499999999999999
0.6
0.65
0.7000000000000001
0.7500000000000001
0.8000000000000002
0.8500000000000002
0.9000000000000002
0.9500000000000003
1.0000000000000002
1.0500000000000003
1.1000000000000003
1.1500000000000004
1.2000000000000004
1.2500000000000004
1.3000000000000005
1.3500000000000005
1.4000000000000006
1.4500000000000006
1.5000000000000007
1.5500000000000007
1.6000000000000008
1.6500000000000008
1.7000000000000008
1.7500000000000009
1.800000000000001
1.850000000000001
1.900000000000001
1.950000000000001
{0.05: 32754}
0.05 FALSE 14
0.1 FALSE 16
0.15000000000000002 FALSE 32
0.2 FALSE 41
0.25 FALSE 49
0.3 FALSE 67
0.35 FALSE 78
0.39999999999999997 FALSE 87
0.44999999999999996 TRUE 107
None
14
16
32
41
49
67
78
87
107
122
133
156
160
185
206
223
253
280
301
337
370
395
437
476
506
556
601
637
684
720
772
826
872
942
1004
1058
1136
1206
1268
None
end
6hz4
0.05
0.1
0.15000000000000002
0.2
0.25
0.3
0.35
0.39999999999999997
0.44999999999999996
0.49999999999999994
0.5499999999999999
0.6
0.65
0.7000000000000001
0.7500000000000001
0.8000000000000002
0.8500000000000002
0.9000000000000002
0.9500000000000003
1.0000000000000002
1.0500000000000003
1.1000000000000003
1.1500000000000004
1.2000000000000004
1.2500000000000004
1.3000000000000005
1.3500000000000005
1.4000000000000006
1.4500000000000006
1.5000000000000007
1.5500000000000007
1.6000000000000008
1.6500000000000008
1.7000000000000008
1.7500000000000009
1.800000000000001
1.850000000000001
1.900000000000001
1.950000000000001
{0.05: 1920}
0.05 TRUE 16
None
16
34
49
67
83
99
117
134
149
166
183
200
216
233
249
267
282
299
317
332
351
368
386
407
425
444
466
485
507
529
550
573
596
618
643
668
691
718
742
None
end
6ifk
0.05
0.1
0.15000000000000002
0.2
0.25
0.3
0.35
0.39999999999999997
0.44999999999999996
0.49999999999999994
0.5499999999999999
0.6
0.65
0.7000000000000001
0.7500000000000001
0.8000000000000002
0.8500000000000002
0.9000000000000002
0.9500000000000003
1.0000000000000002
