3j7i
0.05
0.1
0.15000000000000002
0.2
0.25
0.3
0.35
0.39999999999999997
0.44999999999999996
0.49999999999999994
0.5499999999999999
0.6
0.65
0.7000000000000001
0.7500000000000001
0.8000000000000002
0.8500000000000002
0.9000000000000002
0.9500000000000003
1.0000000000000002
1.0500000000000003
1.1000000000000003
1.1500000000000004
1.2000000000000004
1.2500000000000004
1.3000000000000005
1.3500000000000005
1.4000000000000006
1.4500000000000006
1.5000000000000007
1.5500000000000007
1.6000000000000008
1.6500000000000008
1.7000000000000008
1.7500000000000009
1.800000000000001
1.850000000000001
1.900000000000001
1.950000000000001
{0.05: 196}
0.05 FALSE 0
0.1 FALSE 4
0.15000000000000002 FALSE 9
0.2 FALSE 9
0.25 TRUE 12
None
0
4
9
9
12
12
18
18
20
20
27
27
28
36
36
36
36
45
45
45
45
55
55
55
55
66
66
66
75
78
78
78
91
91
91
91
105
105
105
None
end
5a20
0.05
