4upf
0.05
0.1
0.15000000000000002
0.2
0.25
0.3
0.35
0.39999999999999997
0.44999999999999996
0.49999999999999994
0.5499999999999999
0.6
0.65
0.7000000000000001
0.7500000000000001
0.8000000000000002
0.8500000000000002
0.9000000000000002
0.9500000000000003
1.0000000000000002
1.0500000000000003
1.1000000000000003
1.1500000000000004
1.2000000000000004
1.2500000000000004
1.3000000000000005
1.3500000000000005
1.4000000000000006
1.4500000000000006
1.5000000000000007
1.5500000000000007
1.6000000000000008
1.6500000000000008
1.7000000000000008
1.7500000000000009
1.800000000000001
1.850000000000001
1.900000000000001
1.950000000000001
{0.05: 154320}
0.05 FALSE 129
0.1 TRUE 257
None
129
257
388
516
645
775
903
1034
1161
1291
1419
1550
1678
1807
1937
2065
2195
2324
2452
2583
2717
2855
2997
3140
3290
3440
3596
3753
3917
4080
4250
4421
4596
4775
4957
5143
5332
5524
5721
None
end
4ci0
0.05
0.1
0.15000000000000002
0.2
0.25
0.3
0.35
0.39999999999999997
0.44999999999999996
0.49999999999999994
0.5499999999999999
0.6
0.65
0.7000000000000001
0.7500000000000001
0.8000000000000002
0.8500000000000002
0.9000000000000002
0.9500000000000003
1.0000000000000002
1.0500000000000003
1.1000000000000003
1.1500000000000004
1.2000000000000004
1.2500000000000004
1.3000000000000005
1.3500000000000005
1.4000000000000006
1.4500000000000006
1.5000000000000007
1.5500000000000007
1.6000000000000008
1.6500000000000008
1.7000000000000008
1.7500000000000009
1.800000000000001
1.850000000000001
1.900000000000001
1.950000000000001
{0.05: 3046189}
0.05 TRUE 2436
None
2436
4885
7358
9876
12443
15075
17789
20597
23505
26538
29701
33012
36480
40121
43946
47969
52204
56667
61366
66314
71527
77000
82750
88777
95090
101695
108600
115810
123332
131172
139338
147840
156675
165862
175395
185289
195548
206177
217187
None
end
4atx
0.05
0.1
0.15000000000000002
0.2
0.25
0.3
0.35
0.39999999999999997
0.44999999999999996
0.49999999999999994
0.5499999999999999
0.6
0.65
0.7000000000000001
0.7500000000000001
0.8000000000000002
0.8500000000000002
0.9000000000000002
0.9500000000000003
1.0000000000000002
1.0500000000000003
1.1000000000000003
1.1500000000000004
1.2000000000000004
1.2500000000000004
1.3000000000000005
1.3500000000000005
1.4000000000000006
1.4500000000000006
1.5000000000000007
1.5500000000000007
1.6000000000000008
1.6500000000000008
1.7000000000000008
1.7500000000000009
1.800000000000001
1.850000000000001
1.900000000000001
1.950000000000001
{0.05: 19231683}
0.05 FALSE 17149
0.1 FALSE 34428
0.15000000000000002 FALSE 51830
0.2 FALSE 69543
0.25 FALSE 87587
0.3 FALSE 106109
0.35 FALSE 125120
0.39999999999999997 FALSE 144785
0.44999999999999996 TRUE 165185
None
17149
34428
51830
69543
87587
106109
125120
144785
165185
186356
208453
231512
255691
280915
307527
335383
364761
395575
428104
462261
498157
535938
575518
617077
660518
706038
753514
803082
854800
908690
964825
1023193
1083930
1146886
1212347
1280182
1350595
1423465
1499000
None
end
3iz0
0.05
