3c91:[14,14]:672005.81:6.8: [25072.16,20830.7]
5ujz:[3,3,3]:222062.41:4.8:[39605.61,19803.18,25540.49]
6fe8:[2,1,1]:217028.84:4.1:[66986.82,18742.02,47047.78]
6hz4:[12,2]:479311.78:3.6:[37861.22,49165.98]
6ifk:[3,2,1,1,1]:253107.17:3.2:[23102.32,11059.52,94453.79,33787.83,45808.2]
6mlm:[3,3,3,3]:411696.88:3.5:[38999.44,17657.55,11683.11,8918.04]
6mpu:[6,1,1,1]:556990.38:3.4:[33081.97,69120.56,37237.66,22386.17]
5a20:[2,2,2,1,1]:1770946.12:7.6:[56376.39,9635.02,10495.26,12423.26,15400.33]
3iz0:[2,2,1,1]:10805728:8.6:[28375.63,19718.28,46533.23,48157.36]
2c7c:[14,7]:1104441.88:7.7:[63670.57,8633.11]
2cgt:[14,7]:1030722.94:8.2:[64227.12,7585.61]
2vdc:[6,6]:1764643.5:9.5:[188987.45,59737]
3zpz:[14,7]:769815.12:8.9:[63538.88,9916.6]
5fwm:[2,1,1]:217218.91:8:[90856.91,39019.12,36339.52]
6e6t:[2,2,2,2,1]:295669.31:3.86:[51433.93,50749.79,8560.29,11139.69,42987.36]
