3c91:[14,14]:672005.81:6.8:[25072.16,20830.7]
3jbw:[2,2]:267251.5:4.6:[86706.15,39926.85]
5ujz:[3,3,3]:222062.41:4.8:[39605.61,19803.18,25540.49]
6b40:[2,2]:237976.28:4.3:[76296.94,41286.05]
6fe8:[2,1,1]:217028.84:4.1:[66986.82,18742.02,47047.78]
6hz4:[12,2]:479311.78:3.6:[37861.22,49165.98]
6ifk:[3,2,1,1,1]:253107.17:3.2:[23102.32,11059.52,94453.79,33787.83,45808.2]
6ira:[2,2]:476797.78:4.5:[125498.8,124445.76]
6mlm:[3,3,3,3]:411696.88:3.5:[38999.44,17657.55,11683.11,8918.04]
4upf:[10,10]:794218.88:7.5:[78158,5804.39]
4ci0:[12,12,12]:1064768:3.36:[41472.63,22725.11,28609.86]
4atx:[14,14,14]:3236346.25:8.2:[48202.23,48168.27,33592.58]
3iz0:[78,78,39,39]:10805728:8.6:[28375.63,19718.28,46533.23,48157.36]
3j8x:[42,42,42]:5852245:5:[50407.55,50289.04,33718.65]
