6e14
0.1
0.15000000000000002
0.2
0.25
0.3
0.35
0.39999999999999997
0.44999999999999996
0.49999999999999994
0.5499999999999999
0.6
0.65
0.7000000000000001
0.7500000000000001
0.8000000000000002
0.8500000000000002
0.9000000000000002
0.9500000000000003
1.0000000000000002
1.0500000000000003
1.1000000000000003
1.1500000000000004
1.2000000000000004
1.2500000000000004
1.3000000000000005
1.3500000000000005
1.4000000000000006
1.4500000000000006
1.5000000000000007
1.5500000000000007
1.6000000000000008
1.6500000000000008
1.7000000000000008
1.7500000000000009
1.800000000000001
1.850000000000001
1.900000000000001
1.950000000000001
2.000000000000001
2.0500000000000007
2.1000000000000005
2.1500000000000004
2.2
2.25
2.3
2.3499999999999996
2.3999999999999995
2.4499999999999993
2.499999999999999
2.549999999999999
2.5999999999999988
2.6499999999999986
2.6999999999999984
2.7499999999999982
2.799999999999998
2.849999999999998
2.8999999999999977
2.9499999999999975
2.9999999999999973
3.049999999999997
3.099999999999997
3.149999999999997
3.1999999999999966
3.2499999999999964
3.2999999999999963
3.349999999999996
3.399999999999996
3.4499999999999957
3.4999999999999956
3.5499999999999954
3.599999999999995
3.649999999999995
3.699999999999995
3.7499999999999947
3.7999999999999945
3.8499999999999943
3.899999999999994
3.949999999999994
3.999999999999994
4.049999999999994
4.099999999999993
4.149999999999993
4.199999999999993
4.249999999999993
4.299999999999993
4.3499999999999925
4.399999999999992
4.449999999999992
4.499999999999992
4.549999999999992
4.599999999999992
4.6499999999999915
4.699999999999991
4.749999999999991
4.799999999999991
4.849999999999991
4.899999999999991
4.94999999999999
4.99999999999999
{0.1: 1252332576}
0.1 FALSE 0
0.15000000000000002 TRUE 1
None
0
1
3
4
7
14
19
26
42
54
72
98
123
158
200
247
306
374
449
544
651
765
905
1064
1237
1435
1660
1911
2184
2493
2842
3217
3632
4096
4608
5151
5756
6427
7140
7915
8771
9693
10676
11749
12919
14160
15488
16940
18486
20129
21898
23800
25813
27959
30261
32704
35292
38045
40985
44083
47357
50851
54536
58415
62526
66871
71437
76247
81335
86673
92279
98190
104403
110898
117730
124901
132401
140251
148489
157105
166095
175511
185356
195616
206322
217520
229172
241315
253988
267184
280896
295183
310061
325508
341552
358261
375599
393584
412258
None
end
3c91
0.1
0.15000000000000002
0.2
0.25
0.3
0.35
0.39999999999999997
0.44999999999999996
0.49999999999999994
0.5499999999999999
0.6
0.65
0.7000000000000001
0.7500000000000001
0.8000000000000002
0.8500000000000002
0.9000000000000002
0.9500000000000003
1.0000000000000002
1.0500000000000003
1.1000000000000003
1.1500000000000004
1.2000000000000004
1.2500000000000004
1.3000000000000005
1.3500000000000005
1.4000000000000006
1.4500000000000006
1.5000000000000007
1.5500000000000007
1.6000000000000008
1.6500000000000008
1.7000000000000008
1.7500000000000009
1.800000000000001
1.850000000000001
1.900000000000001
1.950000000000001
2.000000000000001
2.0500000000000007
2.1000000000000005
2.1500000000000004
2.2
2.25
2.3
2.3499999999999996
2.3999999999999995
2.4499999999999993
2.499999999999999
2.549999999999999
2.5999999999999988
2.6499999999999986
2.6999999999999984
2.7499999999999982
2.799999999999998
2.849999999999998
2.8999999999999977
2.9499999999999975
2.9999999999999973
3.049999999999997
3.099999999999997
3.149999999999997
3.1999999999999966
3.2499999999999964
3.2999999999999963
3.349999999999996
3.399999999999996
3.4499999999999957
3.4999999999999956
3.5499999999999954
3.599999999999995
3.649999999999995
3.699999999999995
3.7499999999999947
3.7999999999999945
3.8499999999999943
3.899999999999994
3.949999999999994
3.999999999999994
4.049999999999994
4.099999999999993
4.149999999999993
4.199999999999993
4.249999999999993
4.299999999999993
4.3499999999999925
4.399999999999992
4.449999999999992
4.499999999999992
4.549999999999992
4.599999999999992
4.6499999999999915
4.699999999999991
4.749999999999991
4.799999999999991
4.849999999999991
4.899999999999991
4.94999999999999
4.99999999999999
{0.1: 36697}
0.1 TRUE 167
None
167
249
334
418
502
588
672
756
840
923
1008
1091
1175
1259
1341
1425
1510
1593
1678
1764
1853
1944
2036
2132
2229
2328
2430
2534
2640
2749
2860
2972
3086
3204
3322
3442
3566
3691
3818
3948
4080
4215
4352
4490
4632
4775
4920
5068
5216
5367
5521
5676
5834
5995
6158
6322
6488
6659
6829
7002
7178
7355
7535
7717
7901
8089
8276
8467
8661
8854
9052
9252
9452
9655
9862
10069
10279
10492
10708
10924
11144
11365
11588
11813
12040
12270
12501
12734
12971
13210
13450
13694
13939
14185
14435
14687
14940
15196
15454
None
end
3j0e
0.1
0.15000000000000002
0.2
0.25
0.3
0.35
0.39999999999999997
0.44999999999999996
0.49999999999999994
0.5499999999999999
0.6
0.65
0.7000000000000001
0.7500000000000001
0.8000000000000002
0.8500000000000002
0.9000000000000002
0.9500000000000003
1.0000000000000002
1.0500000000000003
1.1000000000000003
1.1500000000000004
1.2000000000000004
1.2500000000000004
1.3000000000000005
1.3500000000000005
1.4000000000000006
1.4500000000000006
1.5000000000000007
1.5500000000000007
1.6000000000000008
1.6500000000000008
1.7000000000000008
1.7500000000000009
1.800000000000001
1.850000000000001
1.900000000000001
1.950000000000001
2.000000000000001
2.0500000000000007
2.1000000000000005
2.1500000000000004
2.2
2.25
2.3
2.3499999999999996
2.3999999999999995
2.4499999999999993
2.499999999999999
2.549999999999999
2.5999999999999988
2.6499999999999986
2.6999999999999984
2.7499999999999982
2.799999999999998
2.849999999999998
2.8999999999999977
2.9499999999999975
2.9999999999999973
3.049999999999997
3.099999999999997
3.149999999999997
3.1999999999999966
3.2499999999999964
3.2999999999999963
3.349999999999996
3.399999999999996
3.4499999999999957
3.4999999999999956
3.5499999999999954
3.599999999999995
3.649999999999995
3.699999999999995
3.7499999999999947
3.7999999999999945
3.8499999999999943
3.899999999999994
3.949999999999994
3.999999999999994
4.049999999999994
4.099999999999993
4.149999999999993
4.199999999999993
4.249999999999993
4.299999999999993
4.3499999999999925
4.399999999999992
4.449999999999992
4.499999999999992
4.549999999999992
4.599999999999992
4.6499999999999915
4.699999999999991
4.749999999999991
4.799999999999991
4.849999999999991
4.899999999999991
4.94999999999999
4.99999999999999
{0.1: 32768}
0.1 FALSE 0
0.15000000000000002 FALSE 0
0.2 FALSE 0
0.25 FALSE 0
0.3 FALSE 0
0.35 TRUE 1
None
0
0
0
0
0
1
1
1
2
3
3
4
5
5
7
8
8
10
12
12
14
16
16
19
22
22
25
29
31
33
37
39
42
47
50
52
58
63
64
70
76
77
84
92
93
100
109
111
118
128
131
138
149
153
160
172
178
184
197
203
211
224
233
240
254
264
273
287
299
308
322
336
346
360
376
386
401
419
430
445
463
476
493
512
526
545
565
580
599
620
637
656
679
698
718
742
762
782
808
None
end
3j7i
0.1
0.15000000000000002
0.2
0.25
0.3
0.35
0.39999999999999997
0.44999999999999996
0.49999999999999994
0.5499999999999999
0.6
0.65
0.7000000000000001
0.7500000000000001
0.8000000000000002
0.8500000000000002
0.9000000000000002
0.9500000000000003
1.0000000000000002
1.0500000000000003
1.1000000000000003
1.1500000000000004
1.2000000000000004
1.2500000000000004
1.3000000000000005
1.3500000000000005
1.4000000000000006
1.4500000000000006
1.5000000000000007
1.5500000000000007
1.6000000000000008
1.6500000000000008
1.7000000000000008
1.7500000000000009
1.800000000000001
1.850000000000001
1.900000000000001
1.950000000000001
2.000000000000001
2.0500000000000007
2.1000000000000005
2.1500000000000004
2.2
2.25
2.3
2.3499999999999996
2.3999999999999995
2.4499999999999993
2.499999999999999
2.549999999999999
2.5999999999999988
2.6499999999999986
2.6999999999999984
2.7499999999999982
2.799999999999998
2.849999999999998
2.8999999999999977
2.9499999999999975
2.9999999999999973
3.049999999999997
3.099999999999997
3.149999999999997
3.1999999999999966
3.2499999999999964
3.2999999999999963
3.349999999999996
3.399999999999996
3.4499999999999957
3.4999999999999956
3.5499999999999954
3.599999999999995
3.649999999999995
3.699999999999995
3.7499999999999947
3.7999999999999945
3.8499999999999943
3.899999999999994
3.949999999999994
3.999999999999994
4.049999999999994
4.099999999999993
4.149999999999993
4.199999999999993
4.249999999999993
4.299999999999993
4.3499999999999925
4.399999999999992
4.449999999999992
4.499999999999992
4.549999999999992
4.599999999999992
4.6499999999999915
4.699999999999991
4.749999999999991
4.799999999999991
4.849999999999991
4.899999999999991
4.94999999999999
4.99999999999999
{0.1: 725}
0.1 FALSE 4
0.15000000000000002 FALSE 7
0.2 FALSE 7
0.25 FALSE 7
0.3 FALSE 12
0.35 FALSE 12
0.39999999999999997 FALSE 14
0.44999999999999996 FALSE 14
0.49999999999999994 FALSE 17
0.5499999999999999 FALSE 20
0.6 TRUE 21
None
4
7
7
7
12
12
14
14
17
20
21
21
21
28
28
28
28
36
36
36
36
45
45
45
45
45
55
55
55
55
66
66
66
66
78
78
78
78
84
91
91
91
91
105
105
105
105
120
120
120
120
132
136
136
136
139
153
153
153
153
171
171
171
171
190
190
190
190
199
210
210
210
210
231
231
231
231
253
253
253
253
269
276
276
276
282
300
300
300
300
325
325
325
325
347
351
351
351
364
None
end
3jbw
0.1
0.15000000000000002
0.2
0.25
0.3
0.35
0.39999999999999997
0.44999999999999996
0.49999999999999994
0.5499999999999999
0.6
0.65
0.7000000000000001
0.7500000000000001
0.8000000000000002
0.8500000000000002
0.9000000000000002
0.9500000000000003
1.0000000000000002
1.0500000000000003
1.1000000000000003
1.1500000000000004
1.2000000000000004
1.2500000000000004
1.3000000000000005
1.3500000000000005
1.4000000000000006
1.4500000000000006
1.5000000000000007
1.5500000000000007
1.6000000000000008
1.6500000000000008
1.7000000000000008
1.7500000000000009
1.800000000000001
1.850000000000001
1.900000000000001
1.950000000000001
2.000000000000001
2.0500000000000007
2.1000000000000005
2.1500000000000004
2.2
2.25
2.3
2.3499999999999996
2.3999999999999995
2.4499999999999993
2.499999999999999
2.549999999999999
2.5999999999999988
2.6499999999999986
2.6999999999999984
2.7499999999999982
2.799999999999998
2.849999999999998
2.8999999999999977
2.9499999999999975
2.9999999999999973
3.049999999999997
3.099999999999997
3.149999999999997
3.1999999999999966
3.2499999999999964
3.2999999999999963
3.349999999999996
3.399999999999996
3.4499999999999957
3.4999999999999956
3.5499999999999954
3.599999999999995
3.649999999999995
3.699999999999995
3.7499999999999947
3.7999999999999945
3.8499999999999943
3.899999999999994
3.949999999999994
3.999999999999994
4.049999999999994
4.099999999999993
4.149999999999993
4.199999999999993
4.249999999999993
4.299999999999993
4.3499999999999925
4.399999999999992
4.449999999999992
4.499999999999992
4.549999999999992
4.599999999999992
4.6499999999999915
4.699999999999991
4.749999999999991
4.799999999999991
4.849999999999991
4.899999999999991
4.94999999999999
4.99999999999999
{0.1: 1597}
0.1 FALSE 3
0.15000000000000002 TRUE 6
None
3
6
8
8
11
13
14
17
19
19
22
24
26
28
30
31
33
35
37
40
42
44
46
48
51
53
57
59
61
64
67
69
73
76
78
82
85
87
91
95
98
102
105
108
112
115
119
124
127
131
135
138
143
147
152
156
160
164
168
173
179
183
187
192
196
201
207
212
217
222
226
231
238
242
249
254
258
264
270
275
282
288
293
299
305
311
317
324
330
336
342
348
355
362
369
375
382
388
394
None
end
5a63
0.1
0.15000000000000002
0.2
0.25
0.3
0.35
0.39999999999999997
0.44999999999999996
0.49999999999999994
0.5499999999999999
0.6
0.65
0.7000000000000001
0.7500000000000001
0.8000000000000002
0.8500000000000002
0.9000000000000002
0.9500000000000003
1.0000000000000002
1.0500000000000003
1.1000000000000003
1.1500000000000004
1.2000000000000004
1.2500000000000004
1.3000000000000005
1.3500000000000005
1.4000000000000006
1.4500000000000006
1.5000000000000007
1.5500000000000007
1.6000000000000008
1.6500000000000008
1.7000000000000008
1.7500000000000009
1.800000000000001
1.850000000000001
1.900000000000001
1.950000000000001
2.000000000000001
2.0500000000000007
2.1000000000000005
2.1500000000000004
2.2
2.25
2.3
2.3499999999999996
2.3999999999999995
2.4499999999999993
2.499999999999999
2.549999999999999
2.5999999999999988
2.6499999999999986
2.6999999999999984
2.7499999999999982
2.799999999999998
2.849999999999998
2.8999999999999977
2.9499999999999975
2.9999999999999973
3.049999999999997
3.099999999999997
3.149999999999997
3.1999999999999966
3.2499999999999964
3.2999999999999963
3.349999999999996
3.399999999999996
3.4499999999999957
3.4999999999999956
3.5499999999999954
3.599999999999995
3.649999999999995
3.699999999999995
3.7499999999999947
3.7999999999999945
3.8499999999999943
3.899999999999994
3.949999999999994
3.999999999999994
4.049999999999994
4.099999999999993
4.149999999999993
4.199999999999993
4.249999999999993
4.299999999999993
4.3499999999999925
4.399999999999992
4.449999999999992
4.499999999999992
4.549999999999992
4.599999999999992
4.6499999999999915
4.699999999999991
4.749999999999991
4.799999999999991
4.849999999999991
4.899999999999991
4.94999999999999
4.99999999999999
{0.1: 16777211}
0.1 TRUE 5
None
5
6
8
14
15
20
30
32
41
53
61
75
88
103
126
142
164
193
219
250
283
321
366
406
454
509
565
629
690
765
849
922
1013
1114
1212
1322
1435
1556
1695
1826
1968
2133
2295
2468
2648
2844
3055
3259
3487
3727
3975
4239
4505
4795
5107
5409
5736
6089
6442
6817
7201
7608
8042
8470
8928
9410
9903
10418
10945
11504
12087
12674
13291
13941
14603
15291
15995
16735
17502
18278
19089
19933
20799
21693
22608
23564
24555
25553
26598
27677
28780
29919
31088
32297
33549
34813
36130
37483
38869
None
end
5ld2
0.1
0.15000000000000002
0.2
0.25
0.3
0.35
0.39999999999999997
0.44999999999999996
0.49999999999999994
0.5499999999999999
0.6
0.65
0.7000000000000001
0.7500000000000001
0.8000000000000002
0.8500000000000002
0.9000000000000002
0.9500000000000003
1.0000000000000002
1.0500000000000003
1.1000000000000003
1.1500000000000004
1.2000000000000004
1.2500000000000004
1.3000000000000005
1.3500000000000005
1.4000000000000006
1.4500000000000006
1.5000000000000007
1.5500000000000007
1.6000000000000008
1.6500000000000008
1.7000000000000008
1.7500000000000009
1.800000000000001
1.850000000000001
1.900000000000001
1.950000000000001
2.000000000000001
2.0500000000000007
2.1000000000000005
2.1500000000000004
2.2
2.25
2.3
2.3499999999999996
2.3999999999999995
2.4499999999999993
2.499999999999999
2.549999999999999
2.5999999999999988
2.6499999999999986
2.6999999999999984
2.7499999999999982
2.799999999999998
2.849999999999998
2.8999999999999977
2.9499999999999975
2.9999999999999973
3.049999999999997
3.099999999999997
3.149999999999997
3.1999999999999966
3.2499999999999964
3.2999999999999963
3.349999999999996
3.399999999999996
3.4499999999999957
3.4999999999999956
3.5499999999999954
3.599999999999995
3.649999999999995
3.699999999999995
3.7499999999999947
3.7999999999999945
3.8499999999999943
3.899999999999994
3.949999999999994
3.999999999999994
4.049999999999994
4.099999999999993
4.149999999999993
4.199999999999993
4.249999999999993
4.299999999999993
4.3499999999999925
4.399999999999992
4.449999999999992
4.499999999999992
4.549999999999992
4.599999999999992
4.6499999999999915
4.699999999999991
4.749999999999991
4.799999999999991
4.849999999999991
4.899999999999991
4.94999999999999
4.99999999999999
{0.1: 21951}
0.1 TRUE 1
None
1
2
2
2
2
3
5
5
5
7
8
8
9
12
14
14
16
19
20
21
24
28
30
31
35
39
40
42
46
52
56
59
64
68
72
76
82
88
94
100
106
111
117
123
131
138
146
154
163
170
177
184
195
206
215
225
236
247
256
267
279
291
304
316
328
340
354
368
382
396
412
429
443
457
474
492
509
527
546
565
582
601
621
640
660
682
705
725
745
768
793
816
839
864
891
917
940
966
993
None
end
5ujz
0.1
0.15000000000000002
0.2
0.25
0.3
0.35
0.39999999999999997
0.44999999999999996
0.49999999999999994
0.5499999999999999
0.6
0.65
0.7000000000000001
0.7500000000000001
0.8000000000000002
0.8500000000000002
0.9000000000000002
0.9500000000000003
1.0000000000000002
1.0500000000000003
1.1000000000000003
1.1500000000000004
1.2000000000000004
1.2500000000000004
1.3000000000000005
1.3500000000000005
1.4000000000000006
1.4500000000000006
1.5000000000000007
1.5500000000000007
1.6000000000000008
1.6500000000000008
1.7000000000000008
1.7500000000000009
1.800000000000001
1.850000000000001
1.900000000000001
1.950000000000001
2.000000000000001
2.0500000000000007
2.1000000000000005
2.1500000000000004
2.2
2.25
2.3
2.3499999999999996
2.3999999999999995
2.4499999999999993
2.499999999999999
2.549999999999999
2.5999999999999988
2.6499999999999986
2.6999999999999984
2.7499999999999982
2.799999999999998
2.849999999999998
2.8999999999999977
2.9499999999999975
2.9999999999999973
3.049999999999997
3.099999999999997
3.149999999999997
3.1999999999999966
3.2499999999999964
3.2999999999999963
3.349999999999996
3.399999999999996
3.4499999999999957
3.4999999999999956
3.5499999999999954
3.599999999999995
3.649999999999995
3.699999999999995
3.7499999999999947
3.7999999999999945
3.8499999999999943
3.899999999999994
3.949999999999994
3.999999999999994
4.049999999999994
4.099999999999993
4.149999999999993
4.199999999999993
4.249999999999993
4.299999999999993
4.3499999999999925
4.399999999999992
4.449999999999992
4.499999999999992
4.549999999999992
4.599999999999992
4.6499999999999915
4.699999999999991
4.749999999999991
4.799999999999991
4.849999999999991
4.899999999999991
4.94999999999999
4.99999999999999
{0.1: 314388}
0.1 TRUE 44
None
44
69
93
117
144
166
195
227
255
290
317
361
397
435
481
519
577
629
678
739
801
864
934
998
1076
1155
1242
1324
1405
1501
1599
1707
1810
1910
2027
2157
2282
2402
2523
2663
2817
2966
3111
3255
3434
3610
3776
3947
4116
4324
4527
4726
4921
5136
5369
5589
5818
6043
6289
6553
6814
7070
7347
7620
7901
8196
8487
8799
9106
9436
9761
10080
10452
10774
11141
11506
11866
12275
12652
13054
13446
13864
14299
14716
15161
15602
16067
16556
17010
17482
17971
18479
19014
19513
20042
20600
21147
21713
22250
None
end
6b40
0.1
0.15000000000000002
0.2
0.25
0.3
0.35
0.39999999999999997
0.44999999999999996
0.49999999999999994
0.5499999999999999
0.6
0.65
0.7000000000000001
0.7500000000000001
0.8000000000000002
0.8500000000000002
0.9000000000000002
0.9500000000000003
1.0000000000000002
1.0500000000000003
1.1000000000000003
1.1500000000000004
1.2000000000000004
1.2500000000000004
1.3000000000000005
1.3500000000000005
1.4000000000000006
1.4500000000000006
1.5000000000000007
1.5500000000000007
1.6000000000000008
1.6500000000000008
1.7000000000000008
1.7500000000000009
1.800000000000001
1.850000000000001
1.900000000000001
1.950000000000001
2.000000000000001
2.0500000000000007
2.1000000000000005
2.1500000000000004
2.2
2.25
2.3
2.3499999999999996
2.3999999999999995
2.4499999999999993
2.499999999999999
2.549999999999999
2.5999999999999988
2.6499999999999986
2.6999999999999984
2.7499999999999982
2.799999999999998
2.849999999999998
2.8999999999999977
2.9499999999999975
2.9999999999999973
3.049999999999997
3.099999999999997
3.149999999999997
3.1999999999999966
3.2499999999999964
3.2999999999999963
3.349999999999996
3.399999999999996
3.4499999999999957
3.4999999999999956
3.5499999999999954
3.599999999999995
3.649999999999995
3.699999999999995
3.7499999999999947
3.7999999999999945
3.8499999999999943
3.899999999999994
3.949999999999994
3.999999999999994
4.049999999999994
4.099999999999993
4.149999999999993
4.199999999999993
4.249999999999993
4.299999999999993
4.3499999999999925
4.399999999999992
4.449999999999992
4.499999999999992
4.549999999999992
4.599999999999992
4.6499999999999915
4.699999999999991
4.749999999999991
4.799999999999991
4.849999999999991
4.899999999999991
4.94999999999999
4.99999999999999
{0.1: 1220}
0.1 TRUE 5
None
5
5
6
9
10
11
14
15
16
19
20
21
23
25
26
28
30
32
34
36
37
39
41
44
46
48
51
53
55
58
60
62
66
68
70
74
76
79
83
85
88
92
95
97
101
104
107
111
115
117
122
126
129
133
137
140
144
148
152
156
160
165
169
173
178
182
186
191
195
199
205
209
214
219
224
228
234
239
243
249
254
258
265
270
274
281
287
292
298
304
308
314
320
326
332
339
344
350
357
None
end
6ces
0.1
0.15000000000000002
0.2
0.25
0.3
0.35
0.39999999999999997
0.44999999999999996
0.49999999999999994
0.5499999999999999
0.6
0.65
0.7000000000000001
0.7500000000000001
0.8000000000000002
0.8500000000000002
0.9000000000000002
0.9500000000000003
1.0000000000000002
1.0500000000000003
1.1000000000000003
1.1500000000000004
1.2000000000000004
1.2500000000000004
1.3000000000000005
1.3500000000000005
1.4000000000000006
1.4500000000000006
1.5000000000000007
1.5500000000000007
1.6000000000000008
1.6500000000000008
1.7000000000000008
1.7500000000000009
1.800000000000001
1.850000000000001
1.900000000000001
1.950000000000001
2.000000000000001
2.0500000000000007
2.1000000000000005
2.1500000000000004
2.2
2.25
2.3
2.3499999999999996
2.3999999999999995
2.4499999999999993
2.499999999999999
2.549999999999999
2.5999999999999988
2.6499999999999986
2.6999999999999984
2.7499999999999982
2.799999999999998
2.849999999999998
2.8999999999999977
2.9499999999999975
2.9999999999999973
3.049999999999997
3.099999999999997
3.149999999999997
3.1999999999999966
3.2499999999999964
3.2999999999999963
3.349999999999996
3.399999999999996
3.4499999999999957
3.4999999999999956
3.5499999999999954
3.599999999999995
3.649999999999995
3.699999999999995
3.7499999999999947
3.7999999999999945
3.8499999999999943
3.899999999999994
3.949999999999994
3.999999999999994
4.049999999999994
4.099999999999993
4.149999999999993
4.199999999999993
4.249999999999993
4.299999999999993
4.3499999999999925
4.399999999999992
4.449999999999992
4.499999999999992
4.549999999999992
4.599999999999992
4.6499999999999915
4.699999999999991
4.749999999999991
4.799999999999991
4.849999999999991
4.899999999999991
4.94999999999999
4.99999999999999
{0.1: 656356758}
0.1 FALSE 10
0.15000000000000002 FALSE 20
0.2 TRUE 27
None
10
20
27
43
57
77
104
131
175
215
276
335
419
503
618
731
879
1038
1225
1438
1675
1949
2247
2597
2970
3401
3863
4394
4956
5605
6289
7060
7891
8809
9800
10888
12060
13340
14727
16215
17834
19567
21445
23453
25618
27923
30419
33062
35903
38925
42156
45580
49250
53125
57260
61641
66281
71206
76410
81921
87726
93891
100355
107207
114402
122005
129976
138382
147191
156467
166196
176396
187111
198318
210066
222356
235221
248664
262736
277414
292756
308762
325460
342867
361027
379925
399625
420126
441463
463654
486725
510708
535624
561514
588374
616278
645207
675237
706341
None
end
6fe8
0.1
0.15000000000000002
0.2
0.25
0.3
0.35
0.39999999999999997
0.44999999999999996
0.49999999999999994
0.5499999999999999
0.6
0.65
0.7000000000000001
0.7500000000000001
0.8000000000000002
0.8500000000000002
0.9000000000000002
0.9500000000000003
1.0000000000000002
1.0500000000000003
1.1000000000000003
1.1500000000000004
1.2000000000000004
1.2500000000000004
1.3000000000000005
1.3500000000000005
1.4000000000000006
1.4500000000000006
1.5000000000000007
1.5500000000000007
1.6000000000000008
1.6500000000000008
1.7000000000000008
1.7500000000000009
1.800000000000001
1.850000000000001
1.900000000000001
1.950000000000001
2.000000000000001
2.0500000000000007
2.1000000000000005
2.1500000000000004
2.2
2.25
2.3
2.3499999999999996
2.3999999999999995
2.4499999999999993
2.499999999999999
2.549999999999999
2.5999999999999988
2.6499999999999986
2.6999999999999984
2.7499999999999982
2.799999999999998
2.849999999999998
2.8999999999999977
2.9499999999999975
2.9999999999999973
3.049999999999997
3.099999999999997
3.149999999999997
3.1999999999999966
3.2499999999999964
3.2999999999999963
3.349999999999996
3.399999999999996
3.4499999999999957
3.4999999999999956
3.5499999999999954
3.599999999999995
3.649999999999995
3.699999999999995
3.7499999999999947
3.7999999999999945
3.8499999999999943
3.899999999999994
3.949999999999994
3.999999999999994
4.049999999999994
4.099999999999993
4.149999999999993
4.199999999999993
4.249999999999993
4.299999999999993
4.3499999999999925
4.399999999999992
4.449999999999992
4.499999999999992
4.549999999999992
4.599999999999992
4.6499999999999915
4.699999999999991
4.749999999999991
4.799999999999991
4.849999999999991
4.899999999999991
4.94999999999999
4.99999999999999
{0.1: 342989}
0.1 FALSE 11
0.15000000000000002 FALSE 19
0.2 TRUE 25
None
11
19
25
30
38
46
53
60
71
80
88
98
112
124
134
150
167
181
195
216
235
253
273
298
321
343
371
399
425
453
488
519
550
586
625
661
700
743
786
826
874
923
971
1017
1074
1129
1182
1238
1303
1365
1424
1492
1562
1629
1697
1775
1851
1925
2004
2093
2176
2258
2350
2444
2533
2626
2728
2829
2928
3033
3146
3255
3366
3486
3604
3721
3844
3974
4102
4229
4366
4507
4645
4788
4938
5086
5234
5389
5551
5707
5869
6039
6212
6381
6559
6745
6926
7109
7299
None
end
6fn4
0.1
0.15000000000000002
0.2
0.25
0.3
0.35
0.39999999999999997
0.44999999999999996
0.49999999999999994
0.5499999999999999
0.6
0.65
0.7000000000000001
0.7500000000000001
0.8000000000000002
0.8500000000000002
0.9000000000000002
0.9500000000000003
1.0000000000000002
1.0500000000000003
1.1000000000000003
1.1500000000000004
1.2000000000000004
1.2500000000000004
1.3000000000000005
1.3500000000000005
1.4000000000000006
1.4500000000000006
1.5000000000000007
1.5500000000000007
1.6000000000000008
1.6500000000000008
1.7000000000000008
1.7500000000000009
1.800000000000001
1.850000000000001
1.900000000000001
1.950000000000001
2.000000000000001
2.0500000000000007
2.1000000000000005
2.1500000000000004
2.2
2.25
2.3
2.3499999999999996
2.3999999999999995
2.4499999999999993
2.499999999999999
2.549999999999999
2.5999999999999988
2.6499999999999986
2.6999999999999984
2.7499999999999982
2.799999999999998
2.849999999999998
2.8999999999999977
2.9499999999999975
2.9999999999999973
3.049999999999997
3.099999999999997
3.149999999999997
3.1999999999999966
3.2499999999999964
3.2999999999999963
3.349999999999996
3.399999999999996
3.4499999999999957
3.4999999999999956
3.5499999999999954
3.599999999999995
3.649999999999995
3.699999999999995
3.7499999999999947
3.7999999999999945
3.8499999999999943
3.899999999999994
3.949999999999994
3.999999999999994
4.049999999999994
4.099999999999993
4.149999999999993
4.199999999999993
4.249999999999993
4.299999999999993
4.3499999999999925
4.399999999999992
4.449999999999992
4.499999999999992
4.549999999999992
4.599999999999992
4.6499999999999915
4.699999999999991
4.749999999999991
4.799999999999991
4.849999999999991
4.899999999999991
4.94999999999999
4.99999999999999
{0.1: 166368}
0.1 FALSE 7
0.15000000000000002 FALSE 12
0.2 FALSE 14
0.25 FALSE 21
0.3 TRUE 27
None
7
12
14
21
27
31
39
42
51
55
65
70
81
87
100
107
122
133
147
160
175
190
206
223
241
260
280
301
323
346
380
395
437
448
494
506
556
569
623
637
695
712
772
799
854
908
942
1004
1036
1102
1136
1206
1242
1316
1360
1433
1496
1557
1631
1688
1766
1826
1908
1971
2057
2124
2214
2292
2379
2473
2552
2681
2733
2874
2922
3069
3120
3273
3327
3486
3557
3708
3804
3939
4050
4179
4340
4429
4602
4689
4869
4968
5146
5262
5433
5567
5730
5905
6038
None
end
6hz4
0.1
0.15000000000000002
0.2
0.25
0.3
0.35
0.39999999999999997
0.44999999999999996
0.49999999999999994
0.5499999999999999
0.6
0.65
0.7000000000000001
0.7500000000000001
0.8000000000000002
0.8500000000000002
0.9000000000000002
0.9500000000000003
1.0000000000000002
1.0500000000000003
1.1000000000000003
1.1500000000000004
1.2000000000000004
1.2500000000000004
1.3000000000000005
1.3500000000000005
1.4000000000000006
1.4500000000000006
1.5000000000000007
1.5500000000000007
1.6000000000000008
1.6500000000000008
1.7000000000000008
1.7500000000000009
1.800000000000001
1.850000000000001
1.900000000000001
1.950000000000001
2.000000000000001
2.0500000000000007
2.1000000000000005
2.1500000000000004
2.2
2.25
2.3
2.3499999999999996
2.3999999999999995
2.4499999999999993
2.499999999999999
2.549999999999999
2.5999999999999988
2.6499999999999986
2.6999999999999984
2.7499999999999982
2.799999999999998
2.849999999999998
2.8999999999999977
2.9499999999999975
2.9999999999999973
3.049999999999997
3.099999999999997
3.149999999999997
3.1999999999999966
3.2499999999999964
3.2999999999999963
3.349999999999996
3.399999999999996
3.4499999999999957
3.4999999999999956
3.5499999999999954
3.599999999999995
3.649999999999995
3.699999999999995
3.7499999999999947
3.7999999999999945
3.8499999999999943
3.899999999999994
3.949999999999994
3.999999999999994
4.049999999999994
4.099999999999993
4.149999999999993
4.199999999999993
4.249999999999993
4.299999999999993
4.3499999999999925
4.399999999999992
4.449999999999992
4.499999999999992
4.549999999999992
4.599999999999992
4.6499999999999915
4.699999999999991
4.749999999999991
4.799999999999991
4.849999999999991
4.899999999999991
4.94999999999999
4.99999999999999
{0.1: 6215}
0.1 TRUE 26
None
26
39
51
64
77
90
103
115
128
142
153
166
180
193
204
218
231
244
257
270
285
299
313
328
344
360
375
391
409
426
442
460
479
498
516
535
555
575
594
615
637
658
678
701
724
747
769
793
817
841
865
890
916
941
965
993
1020
1046
1073
1101
1129
1158
1186
1215
1245
1274
1303
1334
1366
1396
1427
1459
1493
1524
1557
1590
1624
1657
1692
1726
1762
1796
1831
1868
1905
1941
1978
2016
2054
2092
2130
2169
2208
2247
2286
2328
2368
2409
2450
None
end
6ifk
0.1
0.15000000000000002
0.2
0.25
0.3
0.35
0.39999999999999997
0.44999999999999996
0.49999999999999994
0.5499999999999999
0.6
0.65
0.7000000000000001
0.7500000000000001
0.8000000000000002
0.8500000000000002
0.9000000000000002
0.9500000000000003
1.0000000000000002
1.0500000000000003
