6e14
0.1
0.15000000000000002
0.2
0.25
0.3
0.35
0.39999999999999997
0.44999999999999996
0.49999999999999994
0.5499999999999999
0.6
0.65
0.7000000000000001
0.7500000000000001
0.8000000000000002
0.8500000000000002
0.9000000000000002
0.9500000000000003
1.0000000000000002
1.0500000000000003
1.1000000000000003
1.1500000000000004
1.2000000000000004
1.2500000000000004
1.3000000000000005
1.3500000000000005
1.4000000000000006
1.4500000000000006
1.5000000000000007
1.5500000000000007
1.6000000000000008
1.6500000000000008
1.7000000000000008
1.7500000000000009
1.800000000000001
1.850000000000001
1.900000000000001
1.950000000000001
2.000000000000001
2.0500000000000007
2.1000000000000005
2.1500000000000004
2.2
2.25
2.3
2.3499999999999996
2.3999999999999995
2.4499999999999993
2.499999999999999
2.549999999999999
2.5999999999999988
2.6499999999999986
2.6999999999999984
2.7499999999999982
2.799999999999998
2.849999999999998
2.8999999999999977
2.9499999999999975
2.9999999999999973
3.049999999999997
3.099999999999997
3.149999999999997
3.1999999999999966
3.2499999999999964
3.2999999999999963
3.349999999999996
3.399999999999996
3.4499999999999957
3.4999999999999956
3.5499999999999954
3.599999999999995
3.649999999999995
3.699999999999995
3.7499999999999947
3.7999999999999945
3.8499999999999943
3.899999999999994
3.949999999999994
3.999999999999994
4.049999999999994
4.099999999999993
4.149999999999993
4.199999999999993
4.249999999999993
4.299999999999993
4.3499999999999925
4.399999999999992
4.449999999999992
4.499999999999992
4.549999999999992
4.599999999999992
4.6499999999999915
4.699999999999991
4.749999999999991
4.799999999999991
4.849999999999991
4.899999999999991
4.94999999999999
4.99999999999999
{0.1: 11592740672}
0.1 FALSE 71
0.15000000000000002 FALSE 115
0.2 FALSE 166
0.25 TRUE 233
None
71
115
166
233
315
422
552
713
913
1145
1430
1765
2155
2622
3151
3773
4482
5293
6227
7269
8464
9795
11292
12976
14831
16917
19212
21752
24567
27638
31035
34735
38787
43219
48017
53261
58934
65079
71744
78914
86670
95011
103975
113622
123943
135022
146868
159520
173051
187455
202817
219177
236548
255034
274627
295413
317450
340757
365444
391513
419057
448139
478772
511105
545114
580937
618619
658206
699823
743483
789314
837379
887733
940511
995741
1053532
1113996
1177165
1243203
1312154
1384118
1459234
1537536
1619188
1704266
1792865
1885136
1981135
2081023
2184888
2292848
2405046
2521575
2642592
2768201
2898533
3033742
3173935
3319266
None
end
3c91
0.1
0.15000000000000002
0.2
0.25
0.3
0.35
0.39999999999999997
0.44999999999999996
0.49999999999999994
0.5499999999999999
0.6
0.65
0.7000000000000001
0.7500000000000001
0.8000000000000002
0.8500000000000002
0.9000000000000002
0.9500000000000003
1.0000000000000002
1.0500000000000003
1.1000000000000003
1.1500000000000004
1.2000000000000004
1.2500000000000004
1.3000000000000005
1.3500000000000005
1.4000000000000006
1.4500000000000006
1.5000000000000007
1.5500000000000007
1.6000000000000008
1.6500000000000008
1.7000000000000008
1.7500000000000009
1.800000000000001
1.850000000000001
1.900000000000001
1.950000000000001
2.000000000000001
2.0500000000000007
2.1000000000000005
2.1500000000000004
2.2
2.25
2.3
2.3499999999999996
2.3999999999999995
2.4499999999999993
2.499999999999999
2.549999999999999
2.5999999999999988
2.6499999999999986
2.6999999999999984
2.7499999999999982
2.799999999999998
2.849999999999998
2.8999999999999977
2.9499999999999975
2.9999999999999973
3.049999999999997
3.099999999999997
3.149999999999997
3.1999999999999966
3.2499999999999964
3.2999999999999963
3.349999999999996
3.399999999999996
3.4499999999999957
3.4999999999999956
3.5499999999999954
3.599999999999995
3.649999999999995
3.699999999999995
3.7499999999999947
3.7999999999999945
3.8499999999999943
3.899999999999994
3.949999999999994
3.999999999999994
4.049999999999994
4.099999999999993
4.149999999999993
4.199999999999993
4.249999999999993
4.299999999999993
4.3499999999999925
4.399999999999992
4.449999999999992
4.499999999999992
4.549999999999992
4.599999999999992
4.6499999999999915
4.699999999999991
4.749999999999991
4.799999999999991
4.849999999999991
4.899999999999991
4.94999999999999
4.99999999999999
{0.1: 38634}
0.1 TRUE 175
None
175
261
351
440
527
611
702
791
877
963
1053
1141
1228
1314
1403
1491
1579
1666
1754
1845
1937
2032
2129
2228
2330
2435
2541
2648
2759
2874
2988
3105
3224
3349
3473
3597
3726
3860
3992
4127
4265
4406
4550
4692
4839
4990
5141
5294
5451
5609
5771
5932
6098
6266
6435
6606
6781
6958
7136
7317
7501
7687
7874
8065
8257
8452
8648
8848
9049
9253
9458
9668
9878
10090
10305
10524
10743
10964
11187
11415
11645
11873
12107
12344
12582
12821
13062
13307
13557
13803
14054
14309
14565
14823
15083
15346
15612
15878
16148
None
end
3j0e
0.1
0.15000000000000002
0.2
0.25
0.3
0.35
0.39999999999999997
0.44999999999999996
0.49999999999999994
0.5499999999999999
0.6
0.65
0.7000000000000001
0.7500000000000001
0.8000000000000002
0.8500000000000002
0.9000000000000002
0.9500000000000003
1.0000000000000002
1.0500000000000003
1.1000000000000003
1.1500000000000004
1.2000000000000004
1.2500000000000004
1.3000000000000005
1.3500000000000005
1.4000000000000006
1.4500000000000006
1.5000000000000007
1.5500000000000007
1.6000000000000008
1.6500000000000008
1.7000000000000008
1.7500000000000009
1.800000000000001
1.850000000000001
1.900000000000001
1.950000000000001
2.000000000000001
2.0500000000000007
2.1000000000000005
2.1500000000000004
2.2
2.25
2.3
2.3499999999999996
2.3999999999999995
2.4499999999999993
2.499999999999999
2.549999999999999
2.5999999999999988
2.6499999999999986
2.6999999999999984
2.7499999999999982
2.799999999999998
2.849999999999998
2.8999999999999977
2.9499999999999975
2.9999999999999973
3.049999999999997
3.099999999999997
3.149999999999997
3.1999999999999966
3.2499999999999964
3.2999999999999963
3.349999999999996
3.399999999999996
3.4499999999999957
3.4999999999999956
3.5499999999999954
3.599999999999995
3.649999999999995
3.699999999999995
3.7499999999999947
3.7999999999999945
3.8499999999999943
3.899999999999994
3.949999999999994
3.999999999999994
4.049999999999994
4.099999999999993
4.149999999999993
4.199999999999993
4.249999999999993
4.299999999999993
4.3499999999999925
4.399999999999992
4.449999999999992
4.499999999999992
4.549999999999992
4.599999999999992
4.6499999999999915
4.699999999999991
4.749999999999991
4.799999999999991
4.849999999999991
4.899999999999991
4.94999999999999
4.99999999999999
{0.1: 74087}
0.1 TRUE 1
None
1
1
2
3
3
4
5
7
8
10
10
12
14
16
19
22
22
25
29
33
37
42
44
47
52
58
64
70
72
77
84
92
100
109
113
119
128
138
149
159
167
175
185
197
210
223
233
243
256
271
287
303
316
329
344
362
380
399
416
431
449
470
491
513
534
553
574
598
624
649
673
695
720
747
776
804
833
860
888
920
953
985
1017
1049
1082
1117
1156
1192
1228
1263
1300
1340
1383
1423
1464
1506
1547
1592
1640
None
end
3j7i
0.1
0.15000000000000002
0.2
0.25
0.3
0.35
0.39999999999999997
0.44999999999999996
0.49999999999999994
0.5499999999999999
0.6
0.65
0.7000000000000001
0.7500000000000001
0.8000000000000002
0.8500000000000002
0.9000000000000002
0.9500000000000003
1.0000000000000002
1.0500000000000003
1.1000000000000003
1.1500000000000004
1.2000000000000004
1.2500000000000004
1.3000000000000005
1.3500000000000005
1.4000000000000006
1.4500000000000006
1.5000000000000007
1.5500000000000007
1.6000000000000008
1.6500000000000008
1.7000000000000008
1.7500000000000009
1.800000000000001
1.850000000000001
1.900000000000001
1.950000000000001
2.000000000000001
2.0500000000000007
2.1000000000000005
2.1500000000000004
2.2
2.25
2.3
2.3499999999999996
2.3999999999999995
2.4499999999999993
2.499999999999999
2.549999999999999
2.5999999999999988
2.6499999999999986
2.6999999999999984
2.7499999999999982
2.799999999999998
2.849999999999998
2.8999999999999977
2.9499999999999975
2.9999999999999973
3.049999999999997
3.099999999999997
3.149999999999997
3.1999999999999966
3.2499999999999964
3.2999999999999963
3.349999999999996
3.399999999999996
3.4499999999999957
3.4999999999999956
3.5499999999999954
3.599999999999995
3.649999999999995
3.699999999999995
3.7499999999999947
3.7999999999999945
3.8499999999999943
3.899999999999994
3.949999999999994
3.999999999999994
4.049999999999994
4.099999999999993
4.149999999999993
4.199999999999993
4.249999999999993
4.299999999999993
4.3499999999999925
4.399999999999992
4.449999999999992
4.499999999999992
4.549999999999992
4.599999999999992
4.6499999999999915
4.699999999999991
4.749999999999991
4.799999999999991
4.849999999999991
4.899999999999991
4.94999999999999
4.99999999999999
{0.1: 896}
0.1 FALSE 4
0.15000000000000002 FALSE 9
0.2 FALSE 9
0.25 FALSE 12
0.3 FALSE 12
0.35 FALSE 18
0.39999999999999997 FALSE 18
0.44999999999999996 FALSE 20
0.49999999999999994 FALSE 20
0.5499999999999999 FALSE 27
0.6 FALSE 27
0.65 TRUE 28
None
4
9
9
12
12
18
18
20
20
27
27
28
36
36
36
36
45
45
45
45
55
55
55
55
66
66
66
75
78
78
78
91
91
91
91
105
105
105
105
120
120
120
129
136
136
136
153
153
153
153
171
171
171
171
190
190
190
199
210
210
210
229
231
231
231
253
253
253
253
276
276
276
285
300
300
300
319
325
325
325
351
351
351
351
378
378
378
387
406
406
406
425
435
435
435
464
465
465
465
None
end
3jbw
0.1
0.15000000000000002
0.2
0.25
0.3
0.35
0.39999999999999997
0.44999999999999996
0.49999999999999994
0.5499999999999999
0.6
0.65
0.7000000000000001
0.7500000000000001
0.8000000000000002
0.8500000000000002
0.9000000000000002
0.9500000000000003
1.0000000000000002
1.0500000000000003
1.1000000000000003
1.1500000000000004
1.2000000000000004
1.2500000000000004
1.3000000000000005
1.3500000000000005
1.4000000000000006
1.4500000000000006
1.5000000000000007
1.5500000000000007
1.6000000000000008
1.6500000000000008
1.7000000000000008
1.7500000000000009
1.800000000000001
1.850000000000001
1.900000000000001
1.950000000000001
2.000000000000001
2.0500000000000007
2.1000000000000005
2.1500000000000004
2.2
2.25
2.3
2.3499999999999996
2.3999999999999995
2.4499999999999993
2.499999999999999
2.549999999999999
2.5999999999999988
2.6499999999999986
2.6999999999999984
2.7499999999999982
2.799999999999998
2.849999999999998
2.8999999999999977
2.9499999999999975
2.9999999999999973
3.049999999999997
3.099999999999997
3.149999999999997
3.1999999999999966
3.2499999999999964
3.2999999999999963
3.349999999999996
3.399999999999996
3.4499999999999957
3.4999999999999956
3.5499999999999954
3.599999999999995
3.649999999999995
3.699999999999995
3.7499999999999947
3.7999999999999945
3.8499999999999943
3.899999999999994
3.949999999999994
3.999999999999994
4.049999999999994
4.099999999999993
4.149999999999993
4.199999999999993
4.249999999999993
4.299999999999993
4.3499999999999925
4.399999999999992
4.449999999999992
4.499999999999992
4.549999999999992
4.599999999999992
4.6499999999999915
4.699999999999991
4.749999999999991
4.799999999999991
4.849999999999991
4.899999999999991
4.94999999999999
4.99999999999999
{0.1: 2697}
0.1 FALSE 7
0.15000000000000002 FALSE 9
0.2 FALSE 13
0.25 FALSE 15
0.3 TRUE 19
None
7
9
13
15
19
22
24
28
31
34
37
41
44
46
50
53
55
59
62
66
69
74
77
80
85
89
93
96
102
105
110
115
120
124
129
135
139
144
150
155
160
166
172
178
183
190
195
200
208
213
220
226
234
240
246
254
260
267
274
282
288
296
305
312
319
327
335
343
351
359
367
375
385
393
402
410
419
428
436
447
454
464
474
484
493
502
513
522
532
542
552
562
573
584
594
604
616
626
637
None
end
5a63
0.1
0.15000000000000002
0.2
0.25
0.3
0.35
0.39999999999999997
0.44999999999999996
0.49999999999999994
0.5499999999999999
0.6
0.65
0.7000000000000001
0.7500000000000001
0.8000000000000002
0.8500000000000002
0.9000000000000002
0.9500000000000003
1.0000000000000002
1.0500000000000003
1.1000000000000003
1.1500000000000004
1.2000000000000004
1.2500000000000004
1.3000000000000005
1.3500000000000005
1.4000000000000006
1.4500000000000006
1.5000000000000007
1.5500000000000007
1.6000000000000008
1.6500000000000008
1.7000000000000008
1.7500000000000009
1.800000000000001
1.850000000000001
1.900000000000001
1.950000000000001
2.000000000000001
2.0500000000000007
2.1000000000000005
2.1500000000000004
2.2
2.25
2.3
2.3499999999999996
2.3999999999999995
2.4499999999999993
2.499999999999999
2.549999999999999
2.5999999999999988
2.6499999999999986
2.6999999999999984
2.7499999999999982
2.799999999999998
2.849999999999998
2.8999999999999977
2.9499999999999975
2.9999999999999973
3.049999999999997
3.099999999999997
3.149999999999997
3.1999999999999966
3.2499999999999964
3.2999999999999963
3.349999999999996
3.399999999999996
3.4499999999999957
3.4999999999999956
3.5499999999999954
3.599999999999995
3.649999999999995
3.699999999999995
3.7499999999999947
3.7999999999999945
3.8499999999999943
3.899999999999994
3.949999999999994
3.999999999999994
4.049999999999994
4.099999999999993
4.149999999999993
4.199999999999993
4.249999999999993
4.299999999999993
4.3499999999999925
4.399999999999992
4.449999999999992
4.499999999999992
4.549999999999992
4.599999999999992
4.6499999999999915
4.699999999999991
4.749999999999991
4.799999999999991
4.849999999999991
4.899999999999991
4.94999999999999
4.99999999999999
{0.1: 157351849}
0.1 FALSE 87
0.15000000000000002 FALSE 132
0.2 FALSE 181
0.25 FALSE 236
0.3 FALSE 297
0.35 FALSE 365
0.39999999999999997 FALSE 441
0.44999999999999996 TRUE 528
None
87
132
181
236
297
365
441
528
626
737
861
1001
1155
1329
1521
1732
1966
2225
2508
2817
3154
3519
3913
4342
4805
5302
5836
6414
7027
7687
8390
9143
9941
10793
11697
12656
13673
14754
15895
17099
18375
19718
21135
22624
24194
25842
27574
29396
31299
33296
35387
37574
39858
42246
44739
47341
50054
52892
55833
58901
62097
65415
68867
72454
76179
80042
84058
88228
92538
97013
101651
106443
111405
116541
121851
127336
133013
138880
144925
151171
157624
164266
171125
178196
185484
192987
200726
208693
216885
225324
234015
242943
252128
261574
271277
281245
291496
302024
312818
None
end
5ld2
0.1
0.15000000000000002
0.2
0.25
0.3
0.35
0.39999999999999997
0.44999999999999996
0.49999999999999994
0.5499999999999999
0.6
0.65
0.7000000000000001
0.7500000000000001
0.8000000000000002
0.8500000000000002
0.9000000000000002
0.9500000000000003
1.0000000000000002
1.0500000000000003
1.1000000000000003
1.1500000000000004
1.2000000000000004
1.2500000000000004
1.3000000000000005
1.3500000000000005
1.4000000000000006
1.4500000000000006
1.5000000000000007
1.5500000000000007
1.6000000000000008
1.6500000000000008
1.7000000000000008
1.7500000000000009
1.800000000000001
1.850000000000001
1.900000000000001
1.950000000000001
2.000000000000001
2.0500000000000007
2.1000000000000005
2.1500000000000004
2.2
2.25
2.3
2.3499999999999996
2.3999999999999995
2.4499999999999993
2.499999999999999
2.549999999999999
2.5999999999999988
2.6499999999999986
2.6999999999999984
2.7499999999999982
2.799999999999998
2.849999999999998
2.8999999999999977
2.9499999999999975
2.9999999999999973
3.049999999999997
3.099999999999997
3.149999999999997
3.1999999999999966
3.2499999999999964
3.2999999999999963
3.349999999999996
3.399999999999996
3.4499999999999957
3.4999999999999956
3.5499999999999954
3.599999999999995
3.649999999999995
3.699999999999995
3.7499999999999947
3.7999999999999945
3.8499999999999943
3.899999999999994
3.949999999999994
3.999999999999994
4.049999999999994
4.099999999999993
4.149999999999993
4.199999999999993
4.249999999999993
4.299999999999993
4.3499999999999925
4.399999999999992
4.449999999999992
4.499999999999992
4.549999999999992
4.599999999999992
4.6499999999999915
4.699999999999991
4.749999999999991
4.799999999999991
4.849999999999991
4.899999999999991
4.94999999999999
4.99999999999999
{0.1: 39303}
0.1 FALSE 1
0.15000000000000002 FALSE 2
0.2 TRUE 5
None
1
2
5
5
6
8
8
9
12
14
14
18
20
20
24
28
30
32
38
40
42
48
53
57
62
68
72
76
85
91
97
104
111
118
124
135
144
152
162
170
180
189
202
213
225
238
248
260
274
288
302
318
333
345
362
380
395
415
433
450
467
488
508
527
551
572
593
615
639
663
687
714
738
764
791
817
847
876
906
935
965
997
1027
1062
1094
1129
1163
1198
1236
1271
1310
1348
1387
1425
1466
1509
1549
1593
1638
None
end
5ujz
0.1
0.15000000000000002
0.2
0.25
0.3
0.35
0.39999999999999997
0.44999999999999996
0.49999999999999994
0.5499999999999999
0.6
0.65
0.7000000000000001
0.7500000000000001
0.8000000000000002
0.8500000000000002
0.9000000000000002
0.9500000000000003
1.0000000000000002
1.0500000000000003
1.1000000000000003
1.1500000000000004
1.2000000000000004
1.2500000000000004
1.3000000000000005
1.3500000000000005
1.4000000000000006
1.4500000000000006
1.5000000000000007
1.5500000000000007
1.6000000000000008
1.6500000000000008
1.7000000000000008
1.7500000000000009
1.800000000000001
1.850000000000001
1.900000000000001
1.950000000000001
2.000000000000001
2.0500000000000007
2.1000000000000005
2.1500000000000004
2.2
2.25
2.3
2.3499999999999996
2.3999999999999995
2.4499999999999993
2.499999999999999
2.549999999999999
2.5999999999999988
2.6499999999999986
2.6999999999999984
2.7499999999999982
2.799999999999998
2.849999999999998
2.8999999999999977
2.9499999999999975
2.9999999999999973
3.049999999999997
3.099999999999997
3.149999999999997
3.1999999999999966
3.2499999999999964
3.2999999999999963
3.349999999999996
3.399999999999996
3.4499999999999957
3.4999999999999956
3.5499999999999954
3.599999999999995
3.649999999999995
3.699999999999995
3.7499999999999947
3.7999999999999945
3.8499999999999943
3.899999999999994
3.949999999999994
3.999999999999994
4.049999999999994
4.099999999999993
4.149999999999993
4.199999999999993
4.249999999999993
4.299999999999993
4.3499999999999925
4.399999999999992
4.449999999999992
4.499999999999992
4.549999999999992
4.599999999999992
4.6499999999999915
4.699999999999991
4.749999999999991
4.799999999999991
4.849999999999991
4.899999999999991
4.94999999999999
4.99999999999999
{0.1: 753449}
0.1 FALSE 122
0.15000000000000002 FALSE 171
0.2 TRUE 235
None
122
171
235
294
367
423
494
563
643
731
805
895
985
1090
1184
1305
1417
1545
1676
1810
1962
2102
2282
2438
2624
2804
2997
3202
3419
3644
3856
4107
4347
4626
4893
5167
5457
5761
6082
6396
6737
7070
7445
7812
8196
8572
8991
9422
9839
10300
10727
11225
11717
12213
12731
13239
13797
14346
14935
15508
16108
16730
17368
18003
18653
19359
20042
20781
21479
22231
23008
23796
24610
25406
26234
27081
27960
28859
29779
30680
31640
32596
33572
34614
35593
36679
37709
38811
39937
41042
42215
43368
44557
45726
46977
48253
49553
50834
52139
None
end
6b40
0.1
0.15000000000000002
0.2
0.25
0.3
0.35
0.39999999999999997
0.44999999999999996
0.49999999999999994
0.5499999999999999
0.6
0.65
0.7000000000000001
0.7500000000000001
0.8000000000000002
0.8500000000000002
0.9000000000000002
0.9500000000000003
1.0000000000000002
1.0500000000000003
1.1000000000000003
1.1500000000000004
1.2000000000000004
1.2500000000000004
1.3000000000000005
1.3500000000000005
1.4000000000000006
1.4500000000000006
1.5000000000000007
1.5500000000000007
1.6000000000000008
1.6500000000000008
1.7000000000000008
1.7500000000000009
1.800000000000001
1.850000000000001
1.900000000000001
1.950000000000001
2.000000000000001
2.0500000000000007
2.1000000000000005
2.1500000000000004
2.2
2.25
2.3
2.3499999999999996
2.3999999999999995
2.4499999999999993
2.499999999999999
2.549999999999999
2.5999999999999988
2.6499999999999986
2.6999999999999984
2.7499999999999982
2.799999999999998
2.849999999999998
2.8999999999999977
2.9499999999999975
2.9999999999999973
3.049999999999997
3.099999999999997
3.149999999999997
3.1999999999999966
3.2499999999999964
3.2999999999999963
3.349999999999996
3.399999999999996
3.4499999999999957
3.4999999999999956
3.5499999999999954
3.599999999999995
3.649999999999995
3.699999999999995
3.7499999999999947
3.7999999999999945
3.8499999999999943
3.899999999999994
3.949999999999994
3.999999999999994
4.049999999999994
4.099999999999993
4.149999999999993
4.199999999999993
4.249999999999993
4.299999999999993
4.3499999999999925
4.399999999999992
4.449999999999992
4.499999999999992
4.549999999999992
4.599999999999992
4.6499999999999915
4.699999999999991
4.749999999999991
4.799999999999991
4.849999999999991
4.899999999999991
4.94999999999999
4.99999999999999
{0.1: 2202}
0.1 FALSE 7
0.15000000000000002 FALSE 8
0.2 FALSE 13
0.25 FALSE 15
0.3 FALSE 19
0.35 TRUE 21
None
7
8
13
15
19
21
23
28
30
34
36
39
43
46
48
51
54
58
61
65
68
72
76
78
83
86
91
95
99
104
108
113
116
122
126
131
137
141
147
152
157
162
168
173
179
185
191
197
203
209
215
222
227
235
241
247
255
261
269
275
283
289
298
305
312
320
327
336
343
351
359
368
375
384
392
401
410
418
427
436
446
454
463
472
481
492
500
511
520
530
540
550
560
570
581
590
602
612
623
None
end
6ces
0.1
0.15000000000000002
0.2
0.25
0.3
0.35
0.39999999999999997
0.44999999999999996
0.49999999999999994
0.5499999999999999
0.6
