2ynj
0.05
0.1
0.15000000000000002
0.2
0.25
0.3
0.35
0.39999999999999997
0.44999999999999996
0.49999999999999994
0.5499999999999999
0.6
0.65
0.7000000000000001
0.7500000000000001
0.8000000000000002
0.8500000000000002
0.9000000000000002
0.9500000000000003
1.0000000000000002
1.0500000000000003
1.1000000000000003
1.1500000000000004
1.2000000000000004
1.2500000000000004
1.3000000000000005
1.3500000000000005
1.4000000000000006
1.4500000000000006
1.5000000000000007
1.5500000000000007
1.6000000000000008
1.6500000000000008
1.7000000000000008
1.7500000000000009
1.800000000000001
1.850000000000001
1.900000000000001
1.950000000000001
{0.05: 14, 0.1: 29, 0.15000000000000002: 44, 0.2: 60, 0.25: 77, 0.3: 95, 0.35: 113, 0.39999999999999997: 132, 0.44999999999999996: 152, 0.49999999999999994: 172, 0.5499999999999999: 193, 0.6: 215, 0.65: 238, 0.7000000000000001: 261, 0.7500000000000001: 285, 0.8000000000000002: 310, 0.8500000000000002: 336, 0.9000000000000002: 362, 0.9500000000000003: 389, 1.0000000000000002: 417, 1.0500000000000003: 446, 1.1000000000000003: 475, 1.1500000000000004: 505, 1.2000000000000004: 536, 1.2500000000000004: 567, 1.3000000000000005: 599, 1.3500000000000005: 632, 1.4000000000000006: 666, 1.4500000000000006: 700, 1.5000000000000007: 735, 1.5500000000000007: 771, 1.6000000000000008: 808, 1.6500000000000008: 845, 1.7000000000000008: 883, 1.7500000000000009: 922, 1.800000000000001: 962, 1.850000000000001: 1002, 1.900000000000001: 1043, 1.950000000000001: 1085}
0.05 TRUE 2
None
2
3
4
6
8
9
10
12
13
14
16
18
19
20
22
24
25
26
28
29
30
30
31
32
32
33
34
35
35
36
37
38
38
39
40
41
41
42
43
None
end
3c9v
0.05
0.1
0.15000000000000002
0.2
0.25
0.3
0.35
0.39999999999999997
0.44999999999999996
0.49999999999999994
0.5499999999999999
0.6
0.65
0.7000000000000001
0.7500000000000001
0.8000000000000002
0.8500000000000002
0.9000000000000002
0.9500000000000003
1.0000000000000002
1.0500000000000003
1.1000000000000003
1.1500000000000004
1.2000000000000004
1.2500000000000004
1.3000000000000005
1.3500000000000005
1.4000000000000006
1.4500000000000006
1.5000000000000007
1.5500000000000007
1.6000000000000008
1.6500000000000008
1.7000000000000008
1.7500000000000009
1.800000000000001
1.850000000000001
1.900000000000001
1.950000000000001
{0.05: 19, 0.1: 39, 0.15000000000000002: 60, 0.2: 82, 0.25: 105, 0.3: 129, 0.35: 154, 0.39999999999999997: 180, 0.44999999999999996: 207, 0.49999999999999994: 235, 0.5499999999999999: 264, 0.6: 294, 0.65: 325, 0.7000000000000001: 357, 0.7500000000000001: 390, 0.8000000000000002: 424, 0.8500000000000002: 459, 0.9000000000000002: 495, 0.9500000000000003: 532, 1.0000000000000002: 570, 1.0500000000000003: 609, 1.1000000000000003: 649, 1.1500000000000004: 690, 1.2000000000000004: 732, 1.2500000000000004: 775, 1.3000000000000005: 819, 1.3500000000000005: 864, 1.4000000000000006: 910, 1.4500000000000006: 957, 1.5000000000000007: 1005, 1.5500000000000007: 1054, 1.6000000000000008: 1104, 1.6500000000000008: 1155, 1.7000000000000008: 1207, 1.7500000000000009: 1260, 1.800000000000001: 1314, 1.850000000000001: 1369, 1.900000000000001: 1425, 1.950000000000001: 1482}
0.05 FALSE 2
0.1 FALSE 4
0.15000000000000002 FALSE 6
0.2 FALSE 8
0.25 FALSE 10
0.3 TRUE 12
None
2
4
6
8
10
12
14
16
18
20
22
24
26
28
30
32
34
36
38
39
40
41
42
43
44
45
46
47
48
49
50
51
52
53
54
55
56
57
58
None
end
3g37
0.05
0.1
0.15000000000000002
0.2
0.25
0.3
0.35
0.39999999999999997
0.44999999999999996
0.49999999999999994
0.5499999999999999
0.6
0.65
0.7000000000000001
0.7500000000000001
0.8000000000000002
0.8500000000000002
0.9000000000000002
0.9500000000000003
1.0000000000000002
1.0500000000000003
1.1000000000000003
1.1500000000000004
1.2000000000000004
1.2500000000000004
1.3000000000000005
1.3500000000000005
1.4000000000000006
1.4500000000000006
1.5000000000000007
1.5500000000000007
1.6000000000000008
1.6500000000000008
1.7000000000000008
1.7500000000000009
1.800000000000001
1.850000000000001
1.900000000000001
1.950000000000001
{0.05: 9, 0.1: 19, 0.15000000000000002: 30, 0.2: 41, 0.25: 53, 0.3: 65, 0.35: 78, 0.39999999999999997: 91, 0.44999999999999996: 105, 0.49999999999999994: 119, 0.5499999999999999: 134, 0.6: 149, 0.65: 165, 0.7000000000000001: 181, 0.7500000000000001: 198, 0.8000000000000002: 215, 0.8500000000000002: 233, 0.9000000000000002: 251, 0.9500000000000003: 270, 1.0000000000000002: 289, 1.0500000000000003: 309, 1.1000000000000003: 329, 1.1500000000000004: 350, 1.2000000000000004: 372, 1.2500000000000004: 394, 1.3000000000000005: 417, 1.3500000000000005: 440, 1.4000000000000006: 464, 1.4500000000000006: 488, 1.5000000000000007: 513, 1.5500000000000007: 538, 1.6000000000000008: 564, 1.6500000000000008: 590, 1.7000000000000008: 617, 1.7500000000000009: 644, 1.800000000000001: 672, 1.850000000000001: 700, 1.900000000000001: 729, 1.950000000000001: 758}
0.05 FALSE 1
0.1 FALSE 2
0.15000000000000002 TRUE 4
None
1
2
4
4
6
6
8
8
10
10
12
12
14
14
16
16
18
18
20
20
21
21
22
23
23
24
24
25
25
26
26
27
27
28
28
29
29
30
30
None
end
3izi
0.05
0.1
0.15000000000000002
0.2
0.25
0.3
0.35
0.39999999999999997
0.44999999999999996
0.49999999999999994
0.5499999999999999
0.6
0.65
0.7000000000000001
0.7500000000000001
0.8000000000000002
0.8500000000000002
0.9000000000000002
0.9500000000000003
1.0000000000000002
1.0500000000000003
1.1000000000000003
1.1500000000000004
1.2000000000000004
1.2500000000000004
1.3000000000000005
1.3500000000000005
1.4000000000000006
1.4500000000000006
1.5000000000000007
1.5500000000000007
1.6000000000000008
1.6500000000000008
1.7000000000000008
1.7500000000000009
1.800000000000001
1.850000000000001
1.900000000000001
1.950000000000001
{0.05: 15, 0.1: 30, 0.15000000000000002: 46, 0.2: 63, 0.25: 81, 0.3: 100, 0.35: 119, 0.39999999999999997: 139, 0.44999999999999996: 160, 0.49999999999999994: 182, 0.5499999999999999: 204, 0.6: 227, 0.65: 251, 0.7000000000000001: 276, 0.7500000000000001: 302, 0.8000000000000002: 328, 0.8500000000000002: 355, 0.9000000000000002: 383, 0.9500000000000003: 412, 1.0000000000000002: 441, 1.0500000000000003: 471, 1.1000000000000003: 502, 1.1500000000000004: 534, 1.2000000000000004: 566, 1.2500000000000004: 599, 1.3000000000000005: 633, 1.3500000000000005: 668, 1.4000000000000006: 704, 1.4500000000000006: 740, 1.5000000000000007: 777, 1.5500000000000007: 815, 1.6000000000000008: 854, 1.6500000000000008: 893, 1.7000000000000008: 933, 1.7500000000000009: 974, 1.800000000000001: 1016, 1.850000000000001: 1059, 1.900000000000001: 1102, 1.950000000000001: 1146}
0.05 TRUE 2
None
2
3
4
6
8
10
10
12
14
16
17
18
20
22
24
24
26
28
30
30
31
32
33
33
34
35
36
37
37
38
39
40
40
41
42
43
44
44
45
None
end
3j95
0.05
0.1
0.15000000000000002
0.2
0.25
0.3
0.35
0.39999999999999997
0.44999999999999996
0.49999999999999994
0.5499999999999999
0.6
0.65
0.7000000000000001
0.7500000000000001
0.8000000000000002
0.8500000000000002
0.9000000000000002
0.9500000000000003
1.0000000000000002
1.0500000000000003
1.1000000000000003
1.1500000000000004
1.2000000000000004
1.2500000000000004
1.3000000000000005
1.3500000000000005
1.4000000000000006
1.4500000000000006
1.5000000000000007
1.5500000000000007
1.6000000000000008
1.6500000000000008
1.7000000000000008
1.7500000000000009
1.800000000000001
1.850000000000001
1.900000000000001
1.950000000000001
{0.05: 5, 0.1: 10, 0.15000000000000002: 15, 0.2: 21, 0.25: 27, 0.3: 33, 0.35: 39, 0.39999999999999997: 46, 0.44999999999999996: 53, 0.49999999999999994: 60, 0.5499999999999999: 68, 0.6: 76, 0.65: 84, 0.7000000000000001: 92, 0.7500000000000001: 101, 0.8000000000000002: 110, 0.8500000000000002: 119, 0.9000000000000002: 129, 0.9500000000000003: 139, 1.0000000000000002: 149, 1.0500000000000003: 160, 1.1000000000000003: 171, 1.1500000000000004: 182, 1.2000000000000004: 193, 1.2500000000000004: 205, 1.3000000000000005: 217, 1.3500000000000005: 229, 1.4000000000000006: 242, 1.4500000000000006: 255, 1.5000000000000007: 268, 1.5500000000000007: 281, 1.6000000000000008: 295, 1.6500000000000008: 309, 1.7000000000000008: 323, 1.7500000000000009: 338, 1.800000000000001: 353, 1.850000000000001: 368, 1.900000000000001: 384, 1.950000000000001: 400}
0.05 TRUE 1
None
1
1
2
3
3
3
4
5
5
6
7
7
7
8
9
9
10
11
11
11
12
12
12
12
13
13
13
14
14
14
14
15
15
15
16
16
16
17
17
None
end
3los
0.05
0.1
0.15000000000000002
0.2
0.25
0.3
0.35
0.39999999999999997
0.44999999999999996
0.49999999999999994
0.5499999999999999
0.6
0.65
0.7000000000000001
0.7500000000000001
0.8000000000000002
0.8500000000000002
0.9000000000000002
0.9500000000000003
1.0000000000000002
1.0500000000000003
1.1000000000000003
1.1500000000000004
1.2000000000000004
1.2500000000000004
1.3000000000000005
1.3500000000000005
1.4000000000000006
1.4500000000000006
1.5000000000000007
1.5500000000000007
1.6000000000000008
1.6500000000000008
1.7000000000000008
1.7500000000000009
1.800000000000001
1.850000000000001
1.900000000000001
1.950000000000001
{0.05: 17, 0.1: 35, 0.15000000000000002: 53, 0.2: 72, 0.25: 92, 0.3: 113, 0.35: 135, 0.39999999999999997: 158, 0.44999999999999996: 182, 0.49999999999999994: 207, 0.5499999999999999: 232, 0.6: 258, 0.65: 285, 0.7000000000000001: 313, 0.7500000000000001: 342, 0.8000000000000002: 372, 0.8500000000000002: 403, 0.9000000000000002: 434, 0.9500000000000003: 466, 1.0000000000000002: 499, 1.0500000000000003: 533, 1.1000000000000003: 568, 1.1500000000000004: 604, 1.2000000000000004: 641, 1.2500000000000004: 679, 1.3000000000000005: 717, 1.3500000000000005: 756, 1.4000000000000006: 796, 1.4500000000000006: 837, 1.5000000000000007: 879, 1.5500000000000007: 922, 1.6000000000000008: 966, 1.6500000000000008: 1010, 1.7000000000000008: 1055, 1.7500000000000009: 1101, 1.800000000000001: 1148, 1.850000000000001: 1196, 1.900000000000001: 1245, 1.950000000000001: 1295}
0.05 FALSE 2
0.1 TRUE 4
None
2
4
5
7
8
10
12
14
16
18
19
21
22
24
26
28
30
31
33
34
35
36
37
38
39
39
40
41
42
43
44
45
45
46
47
48
49
50
51
None
end
4aaq
0.05
0.1
0.15000000000000002
0.2
0.25
0.3
0.35
0.39999999999999997
0.44999999999999996
0.49999999999999994
0.5499999999999999
0.6
0.65
0.7000000000000001
0.7500000000000001
0.8000000000000002
0.8500000000000002
0.9000000000000002
0.9500000000000003
1.0000000000000002
1.0500000000000003
1.1000000000000003
1.1500000000000004
1.2000000000000004
1.2500000000000004
1.3000000000000005
1.3500000000000005
1.4000000000000006
1.4500000000000006
1.5000000000000007
1.5500000000000007
1.6000000000000008
1.6500000000000008
1.7000000000000008
1.7500000000000009
1.800000000000001
1.850000000000001
1.900000000000001
1.950000000000001
{0.05: 15, 0.1: 31, 0.15000000000000002: 47, 0.2: 64, 0.25: 82, 0.3: 101, 0.35: 121, 0.39999999999999997: 141, 0.44999999999999996: 162, 0.49999999999999994: 184, 0.5499999999999999: 207, 0.6: 230, 0.65: 254, 0.7000000000000001: 279, 0.7500000000000001: 305, 0.8000000000000002: 332, 0.8500000000000002: 359, 0.9000000000000002: 387, 0.9500000000000003: 416, 1.0000000000000002: 446, 1.0500000000000003: 476, 1.1000000000000003: 507, 1.1500000000000004: 539, 1.2000000000000004: 572, 1.2500000000000004: 606, 1.3000000000000005: 640, 1.3500000000000005: 675, 1.4000000000000006: 711, 1.4500000000000006: 748, 1.5000000000000007: 786, 1.5500000000000007: 824, 1.6000000000000008: 863, 1.6500000000000008: 903, 1.7000000000000008: 944, 1.7500000000000009: 985, 1.800000000000001: 1027, 1.850000000000001: 1070, 1.900000000000001: 1114, 1.950000000000001: 1159}
0.05 FALSE 2
0.1 FALSE 3
0.15000000000000002 TRUE 4
None
2
3
4
6
8
10
11
12
14
16
17
18
20
22
24
25
26
28
30
31
31
32
33
34
35
35
36
37
38
39
39
40
41
42
42
43
44
45
46
None
end
5g4f
0.05
0.1
0.15000000000000002
0.2
0.25
0.3
0.35
0.39999999999999997
0.44999999999999996
0.49999999999999994
0.5499999999999999
0.6
0.65
0.7000000000000001
0.7500000000000001
0.8000000000000002
0.8500000000000002
0.9000000000000002
0.9500000000000003
1.0000000000000002
1.0500000000000003
1.1000000000000003
1.1500000000000004
1.2000000000000004
1.2500000000000004
1.3000000000000005
1.3500000000000005
1.4000000000000006
1.4500000000000006
1.5000000000000007
1.5500000000000007
1.6000000000000008
1.6500000000000008
1.7000000000000008
1.7500000000000009
1.800000000000001
1.850000000000001
1.900000000000001
1.950000000000001
{0.05: 4, 0.1: 8, 0.15000000000000002: 13, 0.2: 18, 0.25: 23, 0.3: 28, 0.35: 34, 0.39999999999999997: 40, 0.44999999999999996: 46, 0.49999999999999994: 52, 0.5499999999999999: 59, 0.6: 66, 0.65: 73, 0.7000000000000001: 80, 0.7500000000000001: 88, 0.8000000000000002: 96, 0.8500000000000002: 104, 0.9000000000000002: 113, 0.9500000000000003: 122, 1.0000000000000002: 131, 1.0500000000000003: 140, 1.1000000000000003: 150, 1.1500000000000004: 160, 1.2000000000000004: 170, 1.2500000000000004: 180, 1.3000000000000005: 191, 1.3500000000000005: 202, 1.4000000000000006: 213, 1.4500000000000006: 224, 1.5000000000000007: 236, 1.5500000000000007: 248, 1.6000000000000008: 260, 1.6500000000000008: 273, 1.7000000000000008: 286, 1.7500000000000009: 299, 1.800000000000001: 312, 1.850000000000001: 326, 1.900000000000001: 340, 1.950000000000001: 354}
0.05 FALSE 0
0.1 FALSE 1
0.15000000000000002 TRUE 2
None
0
1
2
2
3
3
4
4
5
5
6
6
7
7
8
8
9
10
10
10
10
11
11
11
11
12
12
12
12
13
13
13
14
14
14
14
15
15
15
None
end
5uvn
0.05
0.1
0.15000000000000002
0.2
0.25
0.3
0.35
0.39999999999999997
0.44999999999999996
0.49999999999999994
0.5499999999999999
0.6
0.65
0.7000000000000001
0.7500000000000001
0.8000000000000002
0.8500000000000002
0.9000000000000002
0.9500000000000003
1.0000000000000002
1.0500000000000003
1.1000000000000003
1.1500000000000004
1.2000000000000004
1.2500000000000004
1.3000000000000005
1.3500000000000005
1.4000000000000006
1.4500000000000006
1.5000000000000007
1.5500000000000007
1.6000000000000008
1.6500000000000008
1.7000000000000008
1.7500000000000009
1.800000000000001
1.850000000000001
1.900000000000001
1.950000000000001
{0.05: 5, 0.1: 11, 0.15000000000000002: 17, 0.2: 23, 0.25: 30, 0.3: 37, 0.35: 44, 0.39999999999999997: 51, 0.44999999999999996: 59, 0.49999999999999994: 67, 0.5499999999999999: 75, 0.6: 84, 0.65: 93, 0.7000000000000001: 102, 0.7500000000000001: 112, 0.8000000000000002: 122, 0.8500000000000002: 132, 0.9000000000000002: 143, 0.9500000000000003: 154, 1.0000000000000002: 165, 1.0500000000000003: 177, 1.1000000000000003: 189, 1.1500000000000004: 201, 1.2000000000000004: 214, 1.2500000000000004: 227, 1.3000000000000005: 240, 1.3500000000000005: 254, 1.4000000000000006: 268, 1.4500000000000006: 282, 1.5000000000000007: 297, 1.5500000000000007: 312, 1.6000000000000008: 327, 1.6500000000000008: 343, 1.7000000000000008: 359, 1.7500000000000009: 375, 1.800000000000001: 391, 1.850000000000001: 408, 1.900000000000001: 425, 1.950000000000001: 442}
0.05 FALSE 0
0.1 TRUE 2
None
0
2
2
2
4
4
4
5
6
6
7
8
8
9
10
10
11
12
12
12
13
13
13
14
14
14
15
15
15
16
16
16
17
17
17
17
18
18
18
None
end
5vc7
0.05
0.1
0.15000000000000002
0.2
0.25
0.3
0.35
0.39999999999999997
0.44999999999999996
0.49999999999999994
0.5499999999999999
0.6
0.65
0.7000000000000001
0.7500000000000001
0.8000000000000002
0.8500000000000002
0.9000000000000002
0.9500000000000003
1.0000000000000002
1.0500000000000003
1.1000000000000003
1.1500000000000004
1.2000000000000004
1.2500000000000004
1.3000000000000005
1.3500000000000005
1.4000000000000006
1.4500000000000006
1.5000000000000007
1.5500000000000007
1.6000000000000008
1.6500000000000008
1.7000000000000008
1.7500000000000009
1.800000000000001
1.850000000000001
1.900000000000001
1.950000000000001
{0.05: 5, 0.1: 11, 0.15000000000000002: 17, 0.2: 23, 0.25: 29, 0.3: 36, 0.35: 43, 0.39999999999999997: 50, 0.44999999999999996: 58, 0.49999999999999994: 66, 0.5499999999999999: 74, 0.6: 83, 0.65: 92, 0.7000000000000001: 101, 0.7500000000000001: 111, 0.8000000000000002: 121, 0.8500000000000002: 131, 0.9000000000000002: 142, 0.9500000000000003: 153, 1.0000000000000002: 164, 1.0500000000000003: 176, 1.1000000000000003: 188, 1.1500000000000004: 200, 1.2000000000000004: 213, 1.2500000000000004: 226, 1.3000000000000005: 239, 1.3500000000000005: 252, 1.4000000000000006: 266, 1.4500000000000006: 280, 1.5000000000000007: 294, 1.5500000000000007: 309, 1.6000000000000008: 324, 1.6500000000000008: 339, 1.7000000000000008: 355, 1.7500000000000009: 371, 1.800000000000001: 387, 1.850000000000001: 404, 1.900000000000001: 421, 1.950000000000001: 438}
0.05 FALSE 0
0.1 TRUE 2
None
0
2
2
2
3
4
4
5
6
6
7
8
8
9
10
10
11
12
12
12
13
13
13
14
14
14
14
15
15
15
16
16
16
17
17
17
18
18
18
None
end
5yi5
0.05
0.1
0.15000000000000002
0.2
0.25
0.3
0.35
0.39999999999999997
0.44999999999999996
0.49999999999999994
0.5499999999999999
0.6
0.65
0.7000000000000001
0.7500000000000001
0.8000000000000002
0.8500000000000002
0.9000000000000002
0.9500000000000003
1.0000000000000002
1.0500000000000003
1.1000000000000003
1.1500000000000004
1.2000000000000004
1.2500000000000004
1.3000000000000005
1.3500000000000005
1.4000000000000006
1.4500000000000006
1.5000000000000007
1.5500000000000007
1.6000000000000008
1.6500000000000008
1.7000000000000008
1.7500000000000009
1.800000000000001
1.850000000000001
1.900000000000001
1.950000000000001
{0.05: 27, 0.1: 56, 0.15000000000000002: 86, 0.2: 117, 0.25: 150, 0.3: 184, 0.35: 220, 0.39999999999999997: 257, 0.44999999999999996: 295, 0.49999999999999994: 335, 0.5499999999999999: 376, 0.6: 418, 0.65: 462, 0.7000000000000001: 507, 0.7500000000000001: 554, 0.8000000000000002: 602, 0.8500000000000002: 651, 0.9000000000000002: 702, 0.9500000000000003: 754, 1.0000000000000002: 807, 1.0500000000000003: 862, 1.1000000000000003: 918, 1.1500000000000004: 975, 1.2000000000000004: 1034, 1.2500000000000004: 1094, 1.3000000000000005: 1156, 1.3500000000000005: 1219, 1.4000000000000006: 1283, 1.4500000000000006: 1349, 1.5000000000000007: 1416, 1.5500000000000007: 1484, 1.6000000000000008: 1554, 1.6500000000000008: 1625, 1.7000000000000008: 1698, 1.7500000000000009: 1772, 1.800000000000001: 1847, 1.850000000000001: 1924, 1.900000000000001: 2002, 1.950000000000001: 2081}
0.05 FALSE 2
0.1 FALSE 6
0.15000000000000002 TRUE 8
None
2
6
8
11
14
16
20
22
24
28
30
33
36
38
42
44
46
50
52
54
56
57
58
60
61
63
64
65
67
68
69
71
72
74
75
76
78
79
80
None
end
6bbj
0.05
0.1
0.15000000000000002
0.2
0.25
0.3
0.35
0.39999999999999997
0.44999999999999996
0.49999999999999994
0.5499999999999999
0.6
0.65
0.7000000000000001
0.7500000000000001
0.8000000000000002
0.8500000000000002
0.9000000000000002
0.9500000000000003
1.0000000000000002
1.0500000000000003
1.1000000000000003
1.1500000000000004
1.2000000000000004
1.2500000000000004
1.3000000000000005
1.3500000000000005
1.4000000000000006
1.4500000000000006
1.5000000000000007
1.5500000000000007
1.6000000000000008
1.6500000000000008
1.7000000000000008
1.7500000000000009
1.800000000000001
1.850000000000001
1.900000000000001
1.950000000000001
{0.05: 2, 0.1: 5, 0.15000000000000002: 8, 0.2: 11, 0.25: 14, 0.3: 17, 0.35: 21, 0.39999999999999997: 25, 0.44999999999999996: 29, 0.49999999999999994: 33, 0.5499999999999999: 37, 0.6: 42, 0.65: 47, 0.7000000000000001: 52, 0.7500000000000001: 57, 0.8000000000000002: 62, 0.8500000000000002: 67, 0.9000000000000002: 73, 0.9500000000000003: 79, 1.0000000000000002: 85, 1.0500000000000003: 91, 1.1000000000000003: 97, 1.1500000000000004: 104, 1.2000000000000004: 111, 1.2500000000000004: 118, 1.3000000000000005: 125, 1.3500000000000005: 132, 1.4000000000000006: 140, 1.4500000000000006: 148, 1.5000000000000007: 156, 1.5500000000000007: 164, 1.6000000000000008: 172, 1.6500000000000008: 180, 1.7000000000000008: 189, 1.7500000000000009: 198, 1.800000000000001: 207, 1.850000000000001: 216, 1.900000000000001: 225, 1.950000000000001: 235}
0.05 FALSE 0
0.1 TRUE 1
None
0
1
1
1
2
2
3
3
3
4
4
5
5
5
6
6
6
7
7
7
7
7
8
8
8
8
8
9
9
9
9
9
9
10
10
10
10
10
11
None
end
6g1k
0.05
0.1
0.15000000000000002
0.2
0.25
0.3
0.35
0.39999999999999997
0.44999999999999996
0.49999999999999994
0.5499999999999999
0.6
0.65
0.7000000000000001
0.7500000000000001
0.8000000000000002
0.8500000000000002
0.9000000000000002
0.9500000000000003
1.0000000000000002
1.0500000000000003
1.1000000000000003
1.1500000000000004
1.2000000000000004
1.2500000000000004
1.3000000000000005
1.3500000000000005
1.4000000000000006
1.4500000000000006
1.5000000000000007
1.5500000000000007
1.6000000000000008
1.6500000000000008
1.7000000000000008
1.7500000000000009
1.800000000000001
1.850000000000001
1.900000000000001
1.950000000000001
{0.05: 4, 0.1: 8, 0.15000000000000002: 13, 0.2: 18, 0.25: 23, 0.3: 28, 0.35: 34, 0.39999999999999997: 40, 0.44999999999999996: 46, 0.49999999999999994: 52, 0.5499999999999999: 59, 0.6: 66, 0.65: 73, 0.7000000000000001: 80, 0.7500000000000001: 88, 0.8000000000000002: 96, 0.8500000000000002: 104, 0.9000000000000002: 113, 0.9500000000000003: 122, 1.0000000000000002: 131, 1.0500000000000003: 140, 1.1000000000000003: 150, 1.1500000000000004: 160, 1.2000000000000004: 170, 1.2500000000000004: 180, 1.3000000000000005: 191, 1.3500000000000005: 202, 1.4000000000000006: 213, 1.4500000000000006: 224, 1.5000000000000007: 236, 1.5500000000000007: 248, 1.6000000000000008: 260, 1.6500000000000008: 272, 1.7000000000000008: 285, 1.7500000000000009: 298, 1.800000000000001: 311, 1.850000000000001: 325, 1.900000000000001: 339, 1.950000000000001: 353}
0.05 FALSE 0
0.1 FALSE 1
0.15000000000000002 FALSE 2
0.2 FALSE 2
0.25 TRUE 3
None
0
1
2
2
3
3
4
4
5
5
6
6
7
7
8
8
9
10
10
10
10
11
11
11
11
12
12
12
12
13
13
13
13
14
14
14
15
15
15
None
end
6oo3
0.05
0.1
0.15000000000000002
0.2
0.25
0.3
0.35
0.39999999999999997
0.44999999999999996
0.49999999999999994
0.5499999999999999
0.6
0.65
0.7000000000000001
0.7500000000000001
0.8000000000000002
0.8500000000000002
0.9000000000000002
0.9500000000000003
1.0000000000000002
1.0500000000000003
1.1000000000000003
1.1500000000000004
1.2000000000000004
1.2500000000000004
1.3000000000000005
1.3500000000000005
1.4000000000000006
1.4500000000000006
1.5000000000000007
1.5500000000000007
1.6000000000000008
1.6500000000000008
1.7000000000000008
1.7500000000000009
1.800000000000001
1.850000000000001
1.900000000000001
1.950000000000001
{0.05: 2, 0.1: 4, 0.15000000000000002: 7, 0.2: 10, 0.25: 13, 0.3: 16, 0.35: 19, 0.39999999999999997: 23, 0.44999999999999996: 27, 0.49999999999999994: 31, 0.5499999999999999: 35, 0.6: 39, 0.65: 43, 0.7000000000000001: 48, 0.7500000000000001: 53, 0.8000000000000002: 58, 0.8500000000000002: 63, 0.9000000000000002: 68, 0.9500000000000003: 74, 1.0000000000000002: 80, 1.0500000000000003: 86, 1.1000000000000003: 92, 1.1500000000000004: 98, 1.2000000000000004: 104, 1.2500000000000004: 111, 1.3000000000000005: 118, 1.3500000000000005: 125, 1.4000000000000006: 132, 1.4500000000000006: 139, 1.5000000000000007: 147, 1.5500000000000007: 155, 1.6000000000000008: 163, 1.6500000000000008: 171, 1.7000000000000008: 179, 1.7500000000000009: 187, 1.800000000000001: 196, 1.850000000000001: 205, 1.900000000000001: 214, 1.950000000000001: 223}
0.05 FALSE 0
0.1 FALSE 0
0.15000000000000002 TRUE 1
None
0
0
1
2
2
2
2
3
4
4
4
4
4
5
6
6
6
6
7
7
7
7
7
7
8
8
8
8
8
9
9
9
9
9
9
10
10
10
10
None
end
3ixv
0.05
0.1
0.15000000000000002
0.2
0.25
0.3
0.35
0.39999999999999997
0.44999999999999996
0.49999999999999994
0.5499999999999999
0.6
0.65
0.7000000000000001
0.7500000000000001
0.8000000000000002
0.8500000000000002
0.9000000000000002
0.9500000000000003
1.0000000000000002
1.0500000000000003
1.1000000000000003
1.1500000000000004
1.2000000000000004
1.2500000000000004
1.3000000000000005
1.3500000000000005
1.4000000000000006
1.4500000000000006
1.5000000000000007
1.5500000000000007
1.6000000000000008
1.6500000000000008
1.7000000000000008
1.7500000000000009
1.800000000000001
1.850000000000001
1.900000000000001
1.950000000000001
{0.05: 29, 0.1: 59, 0.15000000000000002: 91, 0.2: 124, 0.25: 159, 0.3: 195, 0.35: 233, 0.39999999999999997: 272, 0.44999999999999996: 313, 0.49999999999999994: 355, 0.5499999999999999: 398, 0.6: 443, 0.65: 489, 0.7000000000000001: 537, 0.7500000000000001: 586, 0.8000000000000002: 637, 0.8500000000000002: 689, 0.9000000000000002: 743, 0.9500000000000003: 798, 1.0000000000000002: 854, 1.0500000000000003: 912, 1.1000000000000003: 971, 1.1500000000000004: 1032, 1.2000000000000004: 1094, 1.2500000000000004: 1158, 1.3000000000000005: 1223, 1.3500000000000005: 1290, 1.4000000000000006: 1358, 1.4500000000000006: 1427, 1.5000000000000007: 1498, 1.5500000000000007: 1570, 1.6000000000000008: 1644, 1.6500000000000008: 1719, 1.7000000000000008: 1796, 1.7500000000000009: 1874, 1.800000000000001: 1954, 1.850000000000001: 2035, 1.900000000000001: 2118, 1.950000000000001: 2202}
0.05 FALSE 3
0.1 FALSE 5
0.15000000000000002 FALSE 9
0.2 TRUE 11
None
3
5
9
11
15
17
21
23
27
29
31
35
37
41
43
47
49
53
55
57
59
60
62
63
65
66
68
69
70
72
73
75
76
78
79
81
82
84
85
None
end
3j7b
0.05
0.1
0.15000000000000002
0.2
0.25
0.3
0.35
0.39999999999999997
0.44999999999999996
0.49999999999999994
0.5499999999999999
0.6
0.65
0.7000000000000001
0.7500000000000001
0.8000000000000002
0.8500000000000002
0.9000000000000002
0.9500000000000003
1.0000000000000002
1.0500000000000003
1.1000000000000003
1.1500000000000004
1.2000000000000004
1.2500000000000004
1.3000000000000005
1.3500000000000005
1.4000000000000006
1.4500000000000006
1.5000000000000007
1.5500000000000007
1.6000000000000008
1.6500000000000008
1.7000000000000008
1.7500000000000009
1.800000000000001
1.850000000000001
1.900000000000001
1.950000000000001
{0.05: 15, 0.1: 31, 0.15000000000000002: 48, 0.2: 66, 0.25: 85, 0.3: 104, 0.35: 124, 0.39999999999999997: 145, 0.44999999999999996: 167, 0.49999999999999994: 190, 0.5499999999999999: 213, 0.6: 237, 0.65: 262, 0.7000000000000001: 288, 0.7500000000000001: 315, 0.8000000000000002: 342, 0.8500000000000002: 370, 0.9000000000000002: 399, 0.9500000000000003: 429, 1.0000000000000002: 460, 1.0500000000000003: 491, 1.1000000000000003: 523, 1.1500000000000004: 556, 1.2000000000000004: 590, 1.2500000000000004: 625, 1.3000000000000005: 660, 1.3500000000000005: 696, 1.4000000000000006: 733, 1.4500000000000006: 771, 1.5000000000000007: 810, 1.5500000000000007: 849, 1.6000000000000008: 889, 1.6500000000000008: 930, 1.7000000000000008: 972, 1.7500000000000009: 1015, 1.800000000000001: 1058, 1.850000000000001: 1102, 1.900000000000001: 1147, 1.950000000000001: 1193}
0.05 FALSE 1
0.1 FALSE 3
0.15000000000000002 FALSE 5
0.2 FALSE 7
0.25 FALSE 8
0.3 FALSE 9
0.35 FALSE 11
0.39999999999999997 FALSE 13
0.44999999999999996 FALSE 15
0.49999999999999994 FALSE 16
0.5499999999999999 FALSE 17
0.6 FALSE 19
0.65 FALSE 21
0.7000000000000001 FALSE 23
0.7500000000000001 FALSE 24
0.8000000000000002 TRUE 25
None
1
3
5
7
8
9
11
13
15
16
17
19
21
23
24
25
27
29
31
32
32
33
34
35
36
36
37
38
39
40
40
41
42
43
44
44
45
46
47
None
end
5jm0
0.05
0.1
0.15000000000000002
0.2
0.25
0.3
0.35
0.39999999999999997
0.44999999999999996
0.49999999999999994
0.5499999999999999
0.6
0.65
0.7000000000000001
0.7500000000000001
0.8000000000000002
0.8500000000000002
0.9000000000000002
0.9500000000000003
1.0000000000000002
1.0500000000000003
1.1000000000000003
1.1500000000000004
1.2000000000000004
1.2500000000000004
1.3000000000000005
1.3500000000000005
1.4000000000000006
1.4500000000000006
1.5000000000000007
1.5500000000000007
1.6000000000000008
1.6500000000000008
1.7000000000000008
1.7500000000000009
1.800000000000001
1.850000000000001
1.900000000000001
1.950000000000001
{0.05: 3, 0.1: 6, 0.15000000000000002: 9, 0.2: 12, 0.25: 16, 0.3: 20, 0.35: 24, 0.39999999999999997: 28, 0.44999999999999996: 32, 0.49999999999999994: 37, 0.5499999999999999: 42, 0.6: 47, 0.65: 52, 0.7000000000000001: 57, 0.7500000000000001: 63, 0.8000000000000002: 69, 0.8500000000000002: 75, 0.9000000000000002: 81, 0.9500000000000003: 88, 1.0000000000000002: 95, 1.0500000000000003: 102, 1.1000000000000003: 109, 1.1500000000000004: 116, 1.2000000000000004: 124, 1.2500000000000004: 132, 1.3000000000000005: 140, 1.3500000000000005: 148, 1.4000000000000006: 156, 1.4500000000000006: 165, 1.5000000000000007: 174, 1.5500000000000007: 183, 1.6000000000000008: 192, 1.6500000000000008: 201, 1.7000000000000008: 211, 1.7500000000000009: 221, 1.800000000000001: 231, 1.850000000000001: 241, 1.900000000000001: 251, 1.950000000000001: 262}
0.05 TRUE 1
None
1
1
1
1
2
3
3
3
3
4
5
5
5
5
6
7
7
7
8
8
8
8
8
9
9
9
9
9
10
10
10
10
10
11
11
11
11
11
12
None
end
5tj6
0.05
0.1
0.15000000000000002
0.2
0.25
0.3
0.35
0.39999999999999997
0.44999999999999996
0.49999999999999994
0.5499999999999999
0.6
0.65
0.7000000000000001
0.7500000000000001
0.8000000000000002
0.8500000000000002
0.9000000000000002
0.9500000000000003
1.0000000000000002
1.0500000000000003
1.1000000000000003
1.1500000000000004
1.2000000000000004
1.2500000000000004
1.3000000000000005
1.3500000000000005
1.4000000000000006
1.4500000000000006
1.5000000000000007
1.5500000000000007
1.6000000000000008
1.6500000000000008
1.7000000000000008
1.7500000000000009
1.800000000000001
1.850000000000001
1.900000000000001
1.950000000000001
{0.05: 2, 0.1: 5, 0.15000000000000002: 8, 0.2: 11, 0.25: 14, 0.3: 17, 0.35: 21, 0.39999999999999997: 25, 0.44999999999999996: 29, 0.49999999999999994: 33, 0.5499999999999999: 37, 0.6: 41, 0.65: 46, 0.7000000000000001: 51, 0.7500000000000001: 56, 0.8000000000000002: 61, 0.8500000000000002: 66, 0.9000000000000002: 72, 0.9500000000000003: 78, 1.0000000000000002: 84, 1.0500000000000003: 90, 1.1000000000000003: 96, 1.1500000000000004: 103, 1.2000000000000004: 110, 1.2500000000000004: 117, 1.3000000000000005: 124, 1.3500000000000005: 131, 1.4000000000000006: 138, 1.4500000000000006: 146, 1.5000000000000007: 154, 1.5500000000000007: 162, 1.6000000000000008: 170, 1.6500000000000008: 178, 1.7000000000000008: 187, 1.7500000000000009: 196, 1.800000000000001: 205, 1.850000000000001: 214, 1.900000000000001: 223, 1.950000000000001: 233}
0.05 FALSE 0
0.1 TRUE 1
None
0
1
1
2
2
2
3
3
3
4
4
4
5
5
6
6
6
7
7
7
7
7
8
8
8
8
8
8
9
9
9
9
9
10
10
10
10
10
11
None
end
3j9c
0.05
0.1
0.15000000000000002
0.2
0.25
0.3
0.35
0.39999999999999997
0.44999999999999996
0.49999999999999994
0.5499999999999999
0.6
0.65
0.7000000000000001
0.7500000000000001
0.8000000000000002
0.8500000000000002
0.9000000000000002
0.9500000000000003
1.0000000000000002
1.0500000000000003
1.1000000000000003
1.1500000000000004
1.2000000000000004
1.2500000000000004
1.3000000000000005
1.3500000000000005
1.4000000000000006
1.4500000000000006
1.5000000000000007
1.5500000000000007
1.6000000000000008
1.6500000000000008
1.7000000000000008
1.7500000000000009
1.800000000000001
1.850000000000001
1.900000000000001
1.950000000000001
{0.05: 4, 0.1: 9, 0.15000000000000002: 14, 0.2: 19, 0.25: 24, 0.3: 30, 0.35: 36, 0.39999999999999997: 42, 0.44999999999999996: 49, 0.49999999999999994: 56, 0.5499999999999999: 63, 0.6: 70, 0.65: 78, 0.7000000000000001: 86, 0.7500000000000001: 94, 0.8000000000000002: 102, 0.8500000000000002: 111, 0.9000000000000002: 120, 0.9500000000000003: 129, 1.0000000000000002: 139, 1.0500000000000003: 149, 1.1000000000000003: 159, 1.1500000000000004: 169, 1.2000000000000004: 180, 1.2500000000000004: 191, 1.3000000000000005: 202, 1.3500000000000005: 214, 1.4000000000000006: 226, 1.4500000000000006: 238, 1.5000000000000007: 250, 1.5500000000000007: 263, 1.6000000000000008: 276, 1.6500000000000008: 289, 1.7000000000000008: 302, 1.7500000000000009: 316, 1.800000000000001: 330, 1.850000000000001: 344, 1.900000000000001: 359, 1.950000000000001: 374}
0.05 FALSE 0
0.1 FALSE 2
0.15000000000000002 FALSE 2
0.2 FALSE 2
0.25 FALSE 2
0.3 TRUE 4
None
0
2
2
2
2
4
4
4
5
6
6
6
8
8
8
8
10
10
10
11
11
11
11
12
12
12
13
13
13
13
14
14
14
14
15
15
15
16
16
None
end
5i68
0.05
0.1
0.15000000000000002
0.2
0.25
0.3
0.35
0.39999999999999997
0.44999999999999996
0.49999999999999994
0.5499999999999999
0.6
0.65
0.7000000000000001
0.7500000000000001
0.8000000000000002
0.8500000000000002
0.9000000000000002
0.9500000000000003
1.0000000000000002
1.0500000000000003
1.1000000000000003
1.1500000000000004
1.2000000000000004
1.2500000000000004
1.3000000000000005
1.3500000000000005
1.4000000000000006
1.4500000000000006
1.5000000000000007
1.5500000000000007
1.6000000000000008
1.6500000000000008
1.7000000000000008
1.7500000000000009
1.800000000000001
1.850000000000001
1.900000000000001
1.950000000000001
{0.05: 7, 0.1: 14, 0.15000000000000002: 22, 0.2: 30, 0.25: 39, 0.3: 48, 0.35: 58, 0.39999999999999997: 68, 0.44999999999999996: 78, 0.49999999999999994: 89, 0.5499999999999999: 100, 0.6: 112, 0.65: 124, 0.7000000000000001: 136, 0.7500000000000001: 149, 0.8000000000000002: 162, 0.8500000000000002: 176, 0.9000000000000002: 190, 0.9500000000000003: 204, 1.0000000000000002: 219, 1.0500000000000003: 234, 1.1000000000000003: 250, 1.1500000000000004: 266, 1.2000000000000004: 282, 1.2500000000000004: 299, 1.3000000000000005: 316, 1.3500000000000005: 334, 1.4000000000000006: 352, 1.4500000000000006: 370, 1.5000000000000007: 389, 1.5500000000000007: 408, 1.6000000000000008: 428, 1.6500000000000008: 448, 1.7000000000000008: 469, 1.7500000000000009: 490, 1.800000000000001: 511, 1.850000000000001: 533, 1.900000000000001: 555, 1.950000000000001: 578}
0.05 TRUE 1
None
1
1
3
3
4
5
6
7
7
8
9
10
11
11
12
13
14
15
15
16
16
17
17
17
18
18
19
19
19
20
20
21
21
22
22
22
23
23
24
None
end
5fkx
0.05
0.1
0.15000000000000002
0.2
0.25
0.3
0.35
0.39999999999999997
0.44999999999999996
0.49999999999999994
0.5499999999999999
0.6
0.65
0.7000000000000001
0.7500000000000001
0.8000000000000002
0.8500000000000002
0.9000000000000002
0.9500000000000003
1.0000000000000002
1.0500000000000003
1.1000000000000003
1.1500000000000004
1.2000000000000004
1.2500000000000004
1.3000000000000005
1.3500000000000005
1.4000000000000006
1.4500000000000006
1.5000000000000007
1.5500000000000007
1.6000000000000008
1.6500000000000008
1.7000000000000008
1.7500000000000009
1.800000000000001
1.850000000000001
1.900000000000001
1.950000000000001
{0.05: 14, 0.1: 28, 0.15000000000000002: 43, 0.2: 59, 0.25: 76, 0.3: 93, 0.35: 111, 0.39999999999999997: 130, 0.44999999999999996: 150, 0.49999999999999994: 170, 0.5499999999999999: 191, 0.6: 213, 0.65: 235, 0.7000000000000001: 258, 0.7500000000000001: 282, 0.8000000000000002: 307, 0.8500000000000002: 332, 0.9000000000000002: 358, 0.9500000000000003: 385, 1.0000000000000002: 413, 1.0500000000000003: 441, 1.1000000000000003: 470, 1.1500000000000004: 500, 1.2000000000000004: 530, 1.2500000000000004: 561, 1.3000000000000005: 593, 1.3500000000000005: 626, 1.4000000000000006: 659, 1.4500000000000006: 693, 1.5000000000000007: 728, 1.5500000000000007: 763, 1.6000000000000008: 799, 1.6500000000000008: 836, 1.7000000000000008: 874, 1.7500000000000009: 912, 1.800000000000001: 951, 1.850000000000001: 991, 1.900000000000001: 1032, 1.950000000000001: 1073}
0.05 FALSE 2
0.1 FALSE 2
0.15000000000000002 FALSE 4
0.2 FALSE 6
0.25 FALSE 8
0.3 FALSE 8
0.35 TRUE 10
None
2
2
4
6
8
8
10
12
14
14
16
18
18
20
22
24
24
26
28
29
29
30
31
31
32
33
34
34
35
36
36
37
38
39
39
40
41
42
42
None
end
3jd6
0.05
0.1
0.15000000000000002
0.2
0.25
0.3
0.35
0.39999999999999997
0.44999999999999996
0.49999999999999994
0.5499999999999999
0.6
0.65
0.7000000000000001
0.7500000000000001
0.8000000000000002
0.8500000000000002
0.9000000000000002
0.9500000000000003
1.0000000000000002
1.0500000000000003
1.1000000000000003
1.1500000000000004
1.2000000000000004
1.2500000000000004
1.3000000000000005
1.3500000000000005
1.4000000000000006
1.4500000000000006
1.5000000000000007
1.5500000000000007
1.6000000000000008
1.6500000000000008
1.7000000000000008
1.7500000000000009
1.800000000000001
1.850000000000001
1.900000000000001
1.950000000000001
{0.05: 22, 0.1: 45, 0.15000000000000002: 69, 0.2: 94, 0.25: 120, 0.3: 147, 0.35: 175, 0.39999999999999997: 204, 0.44999999999999996: 234, 0.49999999999999994: 265, 0.5499999999999999: 297, 0.6: 331, 0.65: 366, 0.7000000000000001: 402, 0.7500000000000001: 439, 0.8000000000000002: 477, 0.8500000000000002: 516, 0.9000000000000002: 556, 0.9500000000000003: 597, 1.0000000000000002: 639, 1.0500000000000003: 682, 1.1000000000000003: 727, 1.1500000000000004: 773, 1.2000000000000004: 820, 1.2500000000000004: 868, 1.3000000000000005: 917, 1.3500000000000005: 967, 1.4000000000000006: 1018, 1.4500000000000006: 1070, 1.5000000000000007: 1123, 1.5500000000000007: 1177, 1.6000000000000008: 1233, 1.6500000000000008: 1290, 1.7000000000000008: 1348, 1.7500000000000009: 1407, 1.800000000000001: 1467, 1.850000000000001: 1528, 1.900000000000001: 1590, 1.950000000000001: 1653}
0.05 FALSE 3
0.1 FALSE 5
0.15000000000000002 FALSE 7
0.2 FALSE 9
0.25 FALSE 11
0.3 TRUE 13
None
3
5
7
9
11
13
15
17
19
22
24
27
29
31
33
35
37
39
41
43
44
46
47
48
49
50
51
52
53
54
55
57
58
59
60
61
62
63
64
None
end
3b8k
0.05
0.1
0.15000000000000002
0.2
0.25
0.3
0.35
0.39999999999999997
0.44999999999999996
0.49999999999999994
0.5499999999999999
0.6
0.65
0.7000000000000001
0.7500000000000001
0.8000000000000002
0.8500000000000002
0.9000000000000002
0.9500000000000003
1.0000000000000002
1.0500000000000003
1.1000000000000003
1.1500000000000004
1.2000000000000004
1.2500000000000004
1.3000000000000005
1.3500000000000005
1.4000000000000006
1.4500000000000006
1.5000000000000007
1.5500000000000007
1.6000000000000008
1.6500000000000008
1.7000000000000008
1.7500000000000009
1.800000000000001
1.850000000000001
1.900000000000001
1.950000000000001
{0.05: 107, 0.1: 219, 0.15000000000000002: 336, 0.2: 458, 0.25: 586, 0.3: 719, 0.35: 857, 0.39999999999999997: 1000, 0.44999999999999996: 1148, 0.49999999999999994: 1301, 0.5499999999999999: 1460, 0.6: 1624, 0.65: 1793, 0.7000000000000001: 1967, 0.7500000000000001: 2146, 0.8000000000000002: 2330, 0.8500000000000002: 2520, 0.9000000000000002: 2715, 0.9500000000000003: 2915, 1.0000000000000002: 3120, 1.0500000000000003: 3330, 1.1000000000000003: 3545, 1.1500000000000004: 3766, 1.2000000000000004: 3992, 1.2500000000000004: 4223, 1.3000000000000005: 4459, 1.3500000000000005: 4700, 1.4000000000000006: 4946, 1.4500000000000006: 5197, 1.5000000000000007: 5454, 1.5500000000000007: 5716, 1.6000000000000008: 5983, 1.6500000000000008: 6255, 1.7000000000000008: 6532, 1.7500000000000009: 6814, 1.800000000000001: 7102, 1.850000000000001: 7395, 1.900000000000001: 7693, 1.950000000000001: 7996}
0.05 TRUE 10
None
10
21
31
41
52
62
72
83
93
103
114
124
134
145
155
165
176
186
196
206
211
216
222
227
232
237
242
247
252
258
263
268
273
278
283
289
294
299
304
None
end
5k0z
0.05
0.1
0.15000000000000002
0.2
0.25
0.3
0.35
0.39999999999999997
0.44999999999999996
0.49999999999999994
0.5499999999999999
0.6
0.65
0.7000000000000001
0.7500000000000001
0.8000000000000002
0.8500000000000002
0.9000000000000002
0.9500000000000003
1.0000000000000002
1.0500000000000003
1.1000000000000003
1.1500000000000004
1.2000000000000004
1.2500000000000004
1.3000000000000005
1.3500000000000005
1.4000000000000006
1.4500000000000006
1.5000000000000007
1.5500000000000007
1.6000000000000008
1.6500000000000008
1.7000000000000008
1.7500000000000009
1.800000000000001
1.850000000000001
1.900000000000001
1.950000000000001
{0.05: 3, 0.1: 6, 0.15000000000000002: 9, 0.2: 13, 0.25: 17, 0.3: 21, 0.35: 25, 0.39999999999999997: 29, 0.44999999999999996: 34, 0.49999999999999994: 39, 0.5499999999999999: 44, 0.6: 49, 0.65: 54, 0.7000000000000001: 60, 0.7500000000000001: 66, 0.8000000000000002: 72, 0.8500000000000002: 78, 0.9000000000000002: 84, 0.9500000000000003: 91, 1.0000000000000002: 98, 1.0500000000000003: 105, 1.1000000000000003: 112, 1.1500000000000004: 119, 1.2000000000000004: 127, 1.2500000000000004: 135, 1.3000000000000005: 143, 1.3500000000000005: 151, 1.4000000000000006: 160, 1.4500000000000006: 169, 1.5000000000000007: 178, 1.5500000000000007: 187, 1.6000000000000008: 196, 1.6500000000000008: 206, 1.7000000000000008: 216, 1.7500000000000009: 226, 1.800000000000001: 236, 1.850000000000001: 246, 1.900000000000001: 257, 1.950000000000001: 268}
0.05 TRUE 1
None
1
1
1
2
2
3
3
3
4
4
5
5
5
6
6
7
7
7
8
8
8
8
8
9
9
9
9
10
10
10
10
10
11
11
11
11
11
12
12
None
end
5jzh
0.05
0.1
0.15000000000000002
0.2
0.25
0.3
0.35
0.39999999999999997
0.44999999999999996
0.49999999999999994
0.5499999999999999
0.6
0.65
0.7000000000000001
0.7500000000000001
0.8000000000000002
0.8500000000000002
0.9000000000000002
0.9500000000000003
1.0000000000000002
1.0500000000000003
1.1000000000000003
1.1500000000000004
1.2000000000000004
1.2500000000000004
1.3000000000000005
1.3500000000000005
1.4000000000000006
1.4500000000000006
1.5000000000000007
1.5500000000000007
1.6000000000000008
1.6500000000000008
1.7000000000000008
1.7500000000000009
1.800000000000001
1.850000000000001
1.900000000000001
1.950000000000001
{0.05: 10, 0.1: 20, 0.15000000000000002: 31, 0.2: 43, 0.25: 55, 0.3: 68, 0.35: 81, 0.39999999999999997: 95, 0.44999999999999996: 109, 0.49999999999999994: 124, 0.5499999999999999: 139, 0.6: 155, 0.65: 171, 0.7000000000000001: 188, 0.7500000000000001: 205, 0.8000000000000002: 223, 0.8500000000000002: 242, 0.9000000000000002: 261, 0.9500000000000003: 281, 1.0000000000000002: 301, 1.0500000000000003: 322, 1.1000000000000003: 343, 1.1500000000000004: 365, 1.2000000000000004: 387, 1.2500000000000004: 410, 1.3000000000000005: 433, 1.3500000000000005: 457, 1.4000000000000006: 482, 1.4500000000000006: 507, 1.5000000000000007: 533, 1.5500000000000007: 559, 1.6000000000000008: 586, 1.6500000000000008: 613, 1.7000000000000008: 641, 1.7500000000000009: 669, 1.800000000000001: 698, 1.850000000000001: 727, 1.900000000000001: 757, 1.950000000000001: 787}
0.05 FALSE 1
0.1 FALSE 2
0.15000000000000002 FALSE 3
0.2 FALSE 5
0.25 FALSE 5
0.3 TRUE 7
None
1
2
3
5
5
7
7
9
10
11
12
13
14
15
16
17
19
19
21
21
22
22
23
23
24
24
25
26
26
27
27
28
28
29
29
30
30
31
31
None
end
6bo4
0.05
0.1
0.15000000000000002
0.2
0.25
0.3
0.35
0.39999999999999997
0.44999999999999996
0.49999999999999994
0.5499999999999999
0.6
0.65
0.7000000000000001
0.7500000000000001
0.8000000000000002
0.8500000000000002
0.9000000000000002
0.9500000000000003
1.0000000000000002
1.0500000000000003
1.1000000000000003
1.1500000000000004
1.2000000000000004
1.2500000000000004
1.3000000000000005
1.3500000000000005
1.4000000000000006
1.4500000000000006
1.5000000000000007
1.5500000000000007
1.6000000000000008
1.6500000000000008
1.7000000000000008
1.7500000000000009
1.800000000000001
1.850000000000001
1.900000000000001
1.950000000000001
{0.05: 2, 0.1: 4, 0.15000000000000002: 6, 0.2: 9, 0.25: 12, 0.3: 15, 0.35: 18, 0.39999999999999997: 21, 0.44999999999999996: 24, 0.49999999999999994: 28, 0.5499999999999999: 32, 0.6: 36, 0.65: 40, 0.7000000000000001: 44, 0.7500000000000001: 48, 0.8000000000000002: 53, 0.8500000000000002: 58, 0.9000000000000002: 63, 0.9500000000000003: 68, 1.0000000000000002: 73, 1.0500000000000003: 78, 1.1000000000000003: 84, 1.1500000000000004: 90, 1.2000000000000004: 96, 1.2500000000000004: 102, 1.3000000000000005: 108, 1.3500000000000005: 114, 1.4000000000000006: 121, 1.4500000000000006: 128, 1.5000000000000007: 135, 1.5500000000000007: 142, 1.6000000000000008: 149, 1.6500000000000008: 156, 1.7000000000000008: 164, 1.7500000000000009: 172, 1.800000000000001: 180, 1.850000000000001: 188, 1.900000000000001: 196, 1.950000000000001: 204}
0.05 FALSE 0
0.1 FALSE 0
0.15000000000000002 FALSE 1
0.2 TRUE 2
None
0
0
1
2
2
2
2
2
3
4
4
4
4
4
5
6
6
6
6
6
6
7
7
7
7
7
7
8
8
8
8
8
8
9
9
9
9
9
9
None
end
6mgv
0.05
0.1
0.15000000000000002
0.2
0.25
0.3
0.35
0.39999999999999997
0.44999999999999996
0.49999999999999994
0.5499999999999999
0.6
0.65
0.7000000000000001
0.7500000000000001
0.8000000000000002
0.8500000000000002
0.9000000000000002
0.9500000000000003
1.0000000000000002
1.0500000000000003
1.1000000000000003
1.1500000000000004
1.2000000000000004
1.2500000000000004
1.3000000000000005
1.3500000000000005
1.4000000000000006
1.4500000000000006
1.5000000000000007
1.5500000000000007
1.6000000000000008
1.6500000000000008
1.7000000000000008
1.7500000000000009
1.800000000000001
1.850000000000001
1.900000000000001
1.950000000000001
{0.05: 1, 0.1: 2, 0.15000000000000002: 3, 0.2: 4, 0.25: 5, 0.3: 6, 0.35: 7, 0.39999999999999997: 9, 0.44999999999999996: 11, 0.49999999999999994: 13, 0.5499999999999999: 15, 0.6: 17, 0.65: 19, 0.7000000000000001: 21, 0.7500000000000001: 23, 0.8000000000000002: 25, 0.8500000000000002: 28, 0.9000000000000002: 31, 0.9500000000000003: 34, 1.0000000000000002: 37, 1.0500000000000003: 40, 1.1000000000000003: 43, 1.1500000000000004: 46, 1.2000000000000004: 49, 1.2500000000000004: 52, 1.3000000000000005: 56, 1.3500000000000005: 60, 1.4000000000000006: 64, 1.4500000000000006: 68, 1.5000000000000007: 72, 1.5500000000000007: 76, 1.6000000000000008: 80, 1.6500000000000008: 84, 1.7000000000000008: 88, 1.7500000000000009: 93, 1.800000000000001: 98, 1.850000000000001: 103, 1.900000000000001: 108, 1.950000000000001: 113}
0.05 FALSE 0
0.1 TRUE 1
None
0
1
1
1
1
1
1
2
2
2
3
3
3
3
3
3
4
4
4
4
4
4
4
4
4
5
5
5
5
5
5
5
5
5
6
6
6
6
6
None
end
