3j0e
0.05
0.1
0.15000000000000002
0.2
0.25
0.3
0.35
0.39999999999999997
0.44999999999999996
0.49999999999999994
0.5499999999999999
0.6
0.65
0.7000000000000001
0.7500000000000001
0.8000000000000002
0.8500000000000002
0.9000000000000002
0.9500000000000003
1.0000000000000002
1.0500000000000003
1.1000000000000003
1.1500000000000004
1.2000000000000004
1.2500000000000004
1.3000000000000005
1.3500000000000005
1.4000000000000006
1.4500000000000006
1.5000000000000007
1.5500000000000007
1.6000000000000008
1.6500000000000008
1.7000000000000008
1.7500000000000009
1.800000000000001
1.850000000000001
1.900000000000001
1.950000000000001
{0.05: 54863}
0.05 FALSE 9
0.1 FALSE 19
0.15000000000000002 FALSE 28
0.2 FALSE 40
0.25 FALSE 49
0.3 FALSE 61
0.35 FALSE 73
0.39999999999999997 FALSE 83
0.44999999999999996 TRUE 100
None
9
19
28
40
49
61
73
83
100
110
128
141
160
178
197
220
239
268
290
322
347
380
411
445
484
519
563
601
649
692
744
791
845
899
956
1018
1079
1146
1209
None
end
3j7i
0.05
0.1
0.15000000000000002
0.2
0.25
0.3
0.35
0.39999999999999997
0.44999999999999996
0.49999999999999994
0.5499999999999999
0.6
0.65
0.7000000000000001
0.7500000000000001
0.8000000000000002
0.8500000000000002
0.9000000000000002
0.9500000000000003
1.0000000000000002
1.0500000000000003
1.1000000000000003
1.1500000000000004
1.2000000000000004
1.2500000000000004
1.3000000000000005
1.3500000000000005
1.4000000000000006
1.4500000000000006
1.5000000000000007
1.5500000000000007
1.6000000000000008
1.6500000000000008
1.7000000000000008
1.7500000000000009
1.800000000000001
1.850000000000001
1.900000000000001
1.950000000000001
{0.05: 435}
0.05 FALSE 6
0.1 FALSE 13
0.15000000000000002 FALSE 13
0.2 FALSE 18
0.25 FALSE 26
0.3 FALSE 26
0.35 FALSE 30
0.39999999999999997 FALSE 39
0.44999999999999996 FALSE 39
0.49999999999999994 TRUE 44
None
6
13
13
18
26
26
30
39
39
44
52
54
65
65
66
78
78
78
91
91
99
105
105
120
120
120
136
136
136
153
153
167
171
171
190
190
190
210
210
None
end
